"cell_barcode","expression"
"AAACCTGAGACAGAGA-1",22.459833939446
"AAACCTGAGACTTTCG-1",0
"AAACCTGAGAGTAAGG-1",0
"AAACCTGAGAGTCGGT-1",0
"AAACCTGAGGATGGAA-1",0
"AAACCTGAGTAGATGT-1",18.9343570449203
"AAACCTGCAATCAGAA-1",0
"AAACCTGCACCGATAT-1",13.9907479342972
"AAACCTGCAGACGTAG-1",15.1983005427252
"AAACCTGCAGTATCTG-1",13.6675220363137
"AAACCTGCATAGTAAG-1",12.5056792840503
"AAACCTGCATGAACCT-1",13.4811895052698
"AAACCTGGTAAGAGGA-1",0
"AAACCTGGTCCAACTA-1",24.525942880141
"AAACCTGTCCGTAGTA-1",15.4145612053797
"AAACCTGTCGAGAGCA-1",24.3385532856185
"AAACGGGAGTACGACG-1",0
"AAACGGGCAAGGTTTC-1",0
"AAACGGGCACGTCAGC-1",0
"AAACGGGCAGCGTTCG-1",0
"AAACGGGGTAGCCTCG-1",20.9261127492703
"AAACGGGGTCTACCTC-1",13.5495762859396
"AAACGGGGTGCGGTAA-1",0
"AAACGGGGTTGTCGCG-1",15.9159413596014
"AAACGGGTCCATGAGT-1",20.4701045652204
"AAACGGGTCCCAACGG-1",12.0554974460616
"AAACGGGTCCCATTAT-1",17.089244696173
"AAAGATGCAGTCAGCC-1",0
"AAAGATGCATCTACGA-1",13.6913909461597
"AAAGCAAAGCGTCTAT-1",0
"AAAGCAACATGTCGAT-1",0
"AAAGCAAGTAGCTGCC-1",0
"AAAGCAAGTAGGCATG-1",0
"AAAGCAAGTGCGCTTG-1",13.7388759947039
"AAAGCAAGTTATTCTC-1",0
"AAAGCAATCCGTAGTA-1",17.4140515260551
"AAAGTAGAGATGTGTA-1",0
"AAAGTAGAGTGGGCTA-1",18.5489002257572
"AAAGTAGGTATATGGA-1",18.1465434832494
"AAAGTAGGTGAGCGAT-1",18.2890445377948
"AAAGTAGGTTGAGGTG-1",0
"AAATGCCAGCCCTAAT-1",13.8965481128167
"AAATGCCAGCGTGTCC-1",0
"AAATGCCCAACACCTA-1",14.5014836679789
"AAATGCCGTAGGAGTC-1",17.8514744358471
"AAATGCCGTCTTTCAT-1",16.7742778509028
"AAATGCCGTGGTCCGT-1",0
"AAATGCCGTTCCCGAG-1",0
"AAATGCCTCATAGCAC-1",13.0043423118963
"AAATGCCTCGCTTAGA-1",13.9907479342972
"AACACGTAGAATTCCC-1",18.698183680288
"AACACGTAGCCCTAAT-1",16.6845277498135
"AACACGTAGGGTGTGT-1",0
"AACACGTCACTGTCGG-1",13.5522035246949
"AACACGTCATCCCATC-1",20.2105664471322
"AACACGTGTGCAACGA-1",0
"AACACGTGTGTCGCTG-1",15.7835032080517
"AACCATGAGCGCTTAT-1",18.3707668918442
"AACCATGGTCCGTTAA-1",0
"AACCATGTCAGTTCGA-1",12.1046688769676
"AACCATGTCATCGATG-1",0
"AACCATGTCCCAAGTA-1",0
"AACCGCGAGAAGCCCA-1",18.5489002257572
"AACCGCGAGACTGGGT-1",0
"AACCGCGAGAGGTACC-1",16.4023975176093
"AACCGCGAGTTAGGTA-1",14.1958716377428
"AACCGCGAGTTGCAGG-1",0
"AACCGCGCACGGTAGA-1",0
"AACCGCGCAGCATGAG-1",20.6489394505324
"AACCGCGCAGCCTGTG-1",0
"AACCGCGCAGCTGTGC-1",0
"AACCGCGCAGTATGCT-1",17.8638645698855
"AACCGCGGTACTTGAC-1",19.6583640539671
"AACCGCGGTCTGCAAT-1",15.2319065010113
"AACCGCGTCACATGCA-1",12.88954025986
"AACCGCGTCACCGTAA-1",13.3173524031846
"AACCGCGTCCAGAGGA-1",0
"AACCGCGTCCGAAGAG-1",0
"AACGTTGAGCGATAGC-1",0
"AACGTTGAGCGATCCC-1",0
"AACGTTGAGCTTATCG-1",0
"AACGTTGCAAGTTGTC-1",13.9128828633499
"AACGTTGCAATAGAGT-1",24.525942880141
"AACGTTGCAATGGATA-1",0
"AACGTTGCATGGATGG-1",0
"AACGTTGCATTCTCAT-1",0
"AACGTTGTCAACACGT-1",18.7534678083598
"AACGTTGTCGAGGTAG-1",12.0666818726274
"AACGTTGTCGGTCCGA-1",19.3664540426624
"AACTCAGAGAGCTATA-1",22.0912934958075
"AACTCAGAGAGTCGGT-1",12.6748851427053
"AACTCAGAGCCACCTG-1",18.1414142086259
"AACTCAGAGCCCAATT-1",20.4701045652204
"AACTCAGCAAACAACA-1",14.3179070649766
"AACTCAGCACAAGCCC-1",0
"AACTCAGCACGGTTTA-1",0
"AACTCAGCAGGATCGA-1",14.2077107090519
"AACTCAGCATAAAGGT-1",13.2675235566373
"AACTCAGGTTCCACAA-1",15.0967285332316
"AACTCAGTCGTACCGG-1",0
"AACTCCCAGCCCAGCT-1",0
"AACTCCCAGCTAAGAT-1",15.0967285332316
"AACTCCCCATGGTCTA-1",13.813892775549
"AACTCCCGTTGCGCAC-1",18.2890445377948
"AACTCCCTCAAGAAGT-1",14.003074273301
"AACTCCCTCAAGCCTA-1",11.9458807945713
"AACTCCCTCATCGCTC-1",0
"AACTCCCTCTGCAGTA-1",0
"AACTCCCTCTGGCGTG-1",14.2077107090519
"AACTCTTAGCAGACTG-1",15.0250512598262
"AACTCTTAGTCCGGTC-1",0
"AACTCTTCATGCTAGT-1",0
"AACTCTTGTCGAATCT-1",0
"AACTCTTGTCGGGTCT-1",0
"AACTCTTTCTCAAACG-1",0
"AACTCTTTCTCCAGGG-1",15.3465918210626
"AACTCTTTCTCTGCTG-1",0
"AACTGGTAGAAGATTC-1",0
"AACTGGTAGAGACTAT-1",17.2173613624784
"AACTGGTAGCCAACAG-1",0
"AACTGGTAGTGTACTC-1",0
"AACTGGTCACTGAAGG-1",0
"AACTGGTGTCCGAACC-1",0
"AACTGGTTCGGAGCAA-1",17.8514744358471
"AACTGGTTCGTGGGAA-1",0
"AACTGGTTCTGCTTGC-1",0
"AACTTTCAGCGTGAAC-1",0
"AACTTTCAGTATCTCG-1",13.8359940083598
"AACTTTCAGTTTCCTT-1",0
"AACTTTCCATCCTTGC-1",0
"AACTTTCGTCTAGAGG-1",0
"AACTTTCGTCTCTTTA-1",0
"AACTTTCGTTTGTTTC-1",16.7390927456478
"AAGACCTAGGGCTTCC-1",0
"AAGACCTAGTACACCT-1",11.9175174208482
"AAGACCTGTATATGAG-1",0
"AAGACCTGTATCAGTC-1",18.6106312313932
"AAGACCTGTCCGTGAC-1",17.089244696173
"AAGACCTGTCGAAAGC-1",0
"AAGACCTTCGCCATAA-1",0
"AAGCCGCAGATCTGAA-1",13.8151404032605
"AAGCCGCAGGGTGTTG-1",0
"AAGCCGCAGTGGACGT-1",13.7764089267624
"AAGCCGCAGTGTACTC-1",12.0712194275776
"AAGCCGCCACGCTTTC-1",0
"AAGCCGCCAGGACGTA-1",14.0035928107544
"AAGCCGCGTACAGTTC-1",13.9128828633499
"AAGCCGCGTCATTAGC-1",14.5014836679789
"AAGCCGCTCACGAAGG-1",16.309686427941
"AAGCCGCTCAGTTAGC-1",16.1781598288656
"AAGCCGCTCGCAAACT-1",12.2750055961892
"AAGCCGCTCGTCGTTC-1",19.9066191360715
"AAGCCGCTCTTACCGC-1",15.0250512598262
"AAGGAGCAGAAACCGC-1",0
"AAGGAGCAGGCATGTG-1",17.1763611718089
"AAGGAGCAGGCGCTCT-1",0
"AAGGAGCAGTTGAGTA-1",12.0666818726274
"AAGGAGCCACGGCGTT-1",0
"AAGGAGCGTCTGCAAT-1",0
"AAGGAGCTCGTCTGCT-1",0
"AAGGCAGAGAACTGTA-1",13.6864122623076
"AAGGCAGAGAGATGAG-1",0
"AAGGCAGAGGTGATAT-1",0
"AAGGCAGCATAGTAAG-1",13.3085558092503
"AAGGCAGGTACTTCTT-1",0
"AAGGCAGGTGTGCCTG-1",0
"AAGGCAGTCAGATAAG-1",20.4701045652204
"AAGGCAGTCGGAATCT-1",12.0554974460616
"AAGGTTCAGTATCTCG-1",0
"AAGGTTCCATCACGTA-1",21.5903000733684
"AAGGTTCGTATATGGA-1",15.0250512598262
"AAGGTTCGTCCGAATT-1",13.4996258817302
"AAGGTTCGTCGACTAT-1",14.0176358943412
"AAGGTTCGTGTGACCC-1",0
"AAGGTTCTCCGTCATC-1",13.6011618917074
"AAGGTTCTCCTCGCAT-1",13.6864660507015
"AAGGTTCTCTGCGGCA-1",15.4235212521576
"AAGTCTGAGCCATCGC-1",13.4309775307703
"AAGTCTGAGTCAAGCG-1",0
"AAGTCTGCAAAGGAAG-1",12.0893629349967
"AAGTCTGGTCAGCTAT-1",0
"AAGTCTGTCAAACAAG-1",0
"AAGTCTGTCACTGGGC-1",17.089244696173
"AAGTCTGTCAGCAACT-1",0
"AATCCAGCAAAGTGCG-1",0
"AATCCAGCAGCATACT-1",12.8337550554174
"AATCCAGGTAGGCATG-1",17.9285298545626
"AATCCAGGTCTCCCTA-1",0
"AATCCAGTCCGAATGT-1",16.8876581553245
"AATCGGTAGGCATGGT-1",17.3961343723629
"AATCGGTTCCTGTACC-1",12.6225787625619
"AATCGGTTCGCCGTGA-1",14.4989264879985
"ACACCAAAGATGAGAG-1",18.0128925939808
"ACACCAAAGCCCTAAT-1",0
"ACACCAAAGGATGGTC-1",13.6886092692124
"ACACCAAAGTGTCCAT-1",15.0501471153005
"ACACCAACACTTCGAA-1",0
"ACACCAACAGACGCTC-1",0
"ACACCAACAGCCTATA-1",15.4145612053797
"ACACCAAGTCGCGTGT-1",0
"ACACCAAGTCTAAACC-1",14.3179070649766
"ACACCAAGTTATGTGC-1",0
"ACACCAATCGCGTTTC-1",16.9000681608465
"ACACCCTAGCCAGGAT-1",16.8876581553245
"ACACCCTAGTACTTGC-1",20.2536177898979
"ACACCCTCAAGCGCTC-1",0
"ACACCCTCATCACAAC-1",0
"ACACCCTCATGCCCGA-1",0
"ACACCCTGTCTGGTCG-1",16.2207014387372
"ACACCCTTCCGCAAGC-1",18.3428289281099
"ACACCCTTCCTTGCCA-1",19.6317090301533
"ACACCCTTCTATCCTA-1",14.8704188210281
"ACACCCTTCTGGCGTG-1",0
"ACACCGGAGGCTCAGA-1",0
"ACACCGGAGTGACATA-1",0
"ACACCGGAGTTACCCA-1",14.180805282615
"ACACCGGCACCAGATT-1",15.179701809846
"ACACCGGCACCGAAAG-1",0
"ACACCGGCATCACAAC-1",0
"ACACCGGTCCGCATAA-1",0
"ACACCGGTCTCGGACG-1",13.6886092692124
"ACACCGGTCTCTGTCG-1",13.1681566110149
"ACACTGAAGCACGCCT-1",0
"ACACTGAAGGTGATTA-1",14.0068454314282
"ACACTGACAATAGAGT-1",0
"ACACTGACAGACTCGC-1",22.0250510439287
"ACACTGACATCCAACA-1",0
"ACACTGAGTCCGAAGA-1",0
"ACACTGAGTGTTTGTG-1",19.6317090301533
"ACACTGAGTTTGACTG-1",15.4129202524493
"ACAGCCGAGGAATGGA-1",0
"ACAGCCGAGGCCCGTT-1",0
"ACAGCCGAGGTGCTTT-1",0
"ACAGCCGAGTGGTAGC-1",13.7388759947039
"ACAGCCGCATATACGC-1",11.9476479560247
"ACAGCCGCATGCAACT-1",17.0333304913014
"ACAGCCGGTAGGGTAC-1",0
"ACAGCCGGTCGAATCT-1",14.3044296306069
"ACAGCCGGTTCACCTC-1",23.0387560767056
"ACAGCCGGTTCCACTC-1",0
"ACAGCCGTCCAGAAGG-1",13.6675220363137
"ACAGCCGTCTTTACAC-1",14.6616790542133
"ACAGCTAAGCACCGCT-1",0
"ACAGCTAAGTATCTCG-1",0
"ACAGCTAAGTGTTGAA-1",0
"ACAGCTACATCGTCGG-1",0
"ACAGCTAGTCGACTAT-1",0
"ACAGCTAGTGGTACAG-1",14.3179070649766
"ACAGCTATCACCACCT-1",0
"ACAGCTATCTGCTTGC-1",0
"ACATACGAGAGCTTCT-1",13.9776223958617
"ACATACGAGCGTAGTG-1",14.3044296306069
"ACATACGAGCTTCGCG-1",0
"ACATACGAGCTTTGGT-1",0
"ACATACGCAAACGTGG-1",18.7849693261772
"ACATACGCAAGCCTAT-1",0
"ACATACGCATCTCCCA-1",0
"ACATACGCATTCTCAT-1",0
"ACATACGGTAGGAGTC-1",0
"ACATACGGTGCACCAC-1",13.5824468349601
"ACATACGGTGGTTTCA-1",15.8018008249631
"ACATACGTCGTATCAG-1",13.4866530062393
"ACATCAGAGCCACTAT-1",25.3753974489706
"ACATCAGAGCCTTGAT-1",0
"ACATCAGCAACACCCG-1",14.4989264879985
"ACATCAGCAACGATGG-1",15.0501471153005
"ACATCAGCAATTGCTG-1",12.230595962593
"ACATCAGCACCGGAAA-1",22.6913577681446
"ACATCAGCATAAAGGT-1",0
"ACATCAGCATCCCACT-1",13.1681566110149
"ACATCAGCATTTGCCC-1",0
"ACATCAGGTAAGGATT-1",15.0250512598262
"ACATCAGGTCCGTGAC-1",14.2011878277741
"ACATCAGGTTAAGTAG-1",0
"ACATCAGTCAAACCGT-1",17.089244696173
"ACATGGTAGCATGGCA-1",13.8151404032605
"ACATGGTAGCTGTTCA-1",0
"ACATGGTCACTTGGAT-1",0
"ACATGGTGTCAGATAA-1",0
"ACATGGTGTCTGCGGT-1",0
"ACATGGTGTGCAACTT-1",12.5265314382573
"ACATGGTTCCGCAAGC-1",14.2200629047199
"ACATGGTTCCTCCTAG-1",16.468230511247
"ACATGGTTCTGGAGCC-1",14.0176358943412
"ACATGGTTCTTCTGGC-1",0
"ACCAGTAAGATCACGG-1",18.5235709163806
"ACCAGTAAGCTTCGCG-1",0
"ACCAGTACACAGATTC-1",12.8190378538932
"ACCAGTACACAGGCCT-1",0
"ACCAGTACAGTATGCT-1",13.7319493896476
"ACCAGTACAGTCAGAG-1",16.9487761692372
"ACCAGTACAGTTTACG-1",15.2319065010113
"ACCAGTAGTCACCCAG-1",11.9458807945713
"ACCAGTAGTCCATCCT-1",0
"ACCAGTAGTCTTCAAG-1",0
"ACCAGTAGTGGACGAT-1",12.6387064118119
"ACCAGTATCTGCGACG-1",0
"ACCAGTATCTGCTTGC-1",18.5235709163806
"ACCAGTATCTGTTTGT-1",0
"ACCCACTAGAGGTTAT-1",13.8965481128167
"ACCCACTAGATCCCGC-1",23.8025438311026
"ACCCACTAGATGTGTA-1",19.0123003188688
"ACCCACTAGCCCAATT-1",0
"ACCCACTCAAGGGTCA-1",0
"ACCCACTCAAGGTTCT-1",13.8151404032605
"ACCCACTGTAAATGAC-1",0
"ACCCACTGTAGCCTCG-1",0
"ACCCACTGTCAAAGAT-1",12.9045554941769
"ACCCACTGTCAATACC-1",0
"ACCCACTGTGTGGTTT-1",13.6315705708735
"ACCCACTTCGCAAACT-1",20.2507905899843
"ACCCACTTCTGCCAGG-1",18.6960277309759
"ACCGTAACAATCGGTT-1",12.6065416803146
"ACCGTAACAATCTACG-1",12.6748851427053
"ACCGTAACAGGTCCAC-1",0
"ACCGTAAGTACAGCAG-1",12.7261581275892
"ACCGTAAGTCATGCAT-1",0
"ACCGTAAGTGAGTGAC-1",18.7285874926579
"ACCGTAAGTTAAGAAC-1",0
"ACCGTAAGTTCCGTCT-1",13.1352180548438
"ACCGTAATCACATAGC-1",0
"ACCGTAATCATGTGGT-1",13.1681566110149
"ACCGTAATCTGAAAGA-1",0
"ACCTTTACAATCGGTT-1",12.927191454127
"ACCTTTACACGGACAA-1",0
"ACCTTTACAGCAGTTT-1",0
"ACCTTTACATGCAACT-1",14.146667432331
"ACCTTTACATTTCAGG-1",15.1299024105341
"ACCTTTAGTGAACCTT-1",0
"ACCTTTAGTTCCACTC-1",16.3887682181723
"ACCTTTATCTCTAGGA-1",13.0157167330767
"ACGAGCCAGGCAGGTT-1",19.6972343289
"ACGAGCCCACAGGCCT-1",13.4866530062393
"ACGAGCCCATGGAATA-1",0
"ACGAGCCGTGCACGAA-1",14.6346707503097
"ACGAGCCGTGTGACCC-1",0
"ACGAGCCGTTGGTTTG-1",14.6687049982625
"ACGAGCCTCAGTCCCT-1",0
"ACGAGCCTCGCAAACT-1",0
"ACGAGGACACTACAGT-1",13.6675220363137
"ACGAGGACATGTAGTC-1",14.4989264879985
"ACGAGGAGTACACCGC-1",0
"ACGAGGAGTGCCTGCA-1",0
"ACGAGGAGTTCTGAAC-1",12.8337550554174
"ACGAGGATCTGCGGCA-1",11.9458807945713
"ACGATACAGAGTGACC-1",0
"ACGATACAGCGCCTTG-1",0
"ACGATACCACGTTGGC-1",0
"ACGATACCATTGGGCC-1",22.88195236342
"ACGATACGTCGAATCT-1",0
"ACGATACTCTGACCTC-1",14.4989264879985
"ACGATGTAGTGCGATG-1",21.5918083938245
"ACGATGTAGTTGAGAT-1",0
"ACGATGTCAACGCACC-1",0
"ACGATGTCACACGCTG-1",0
"ACGATGTGTATTCTCT-1",14.8232300689552
"ACGATGTGTCAGTGGA-1",0
"ACGATGTGTGACTACT-1",0
"ACGATGTGTGTCGCTG-1",0
"ACGATGTTCGCGTAGC-1",0
"ACGATGTTCTCTTATG-1",0
"ACGCAGCAGCGGCTTC-1",0
"ACGCAGCAGCTGCGAA-1",16.3727549355502
"ACGCAGCAGTGTACGG-1",0
"ACGCAGCCACCTCGTT-1",0
"ACGCAGCCATCGACGC-1",15.4129202524493
"ACGCAGCCATTACCTT-1",0
"ACGCAGCGTCCATGAT-1",0
"ACGCAGCGTCTACCTC-1",0
"ACGCAGCGTCTGGTCG-1",16.3547370398516
"ACGCAGCGTGCGATAG-1",0
"ACGCCAGCAAAGCAAT-1",12.8921767834851
"ACGCCAGCAACGCACC-1",0
"ACGCCAGCACGAGAGT-1",0
"ACGCCAGCAGTGAGTG-1",0
"ACGCCAGGTGCACTTA-1",15.9223270084238
"ACGCCAGGTGTGCGTC-1",0
"ACGCCAGTCACAGGCC-1",15.4235212521576
"ACGCCAGTCAGTGTTG-1",13.5495762859396
"ACGCCGAAGAAACGCC-1",0
"ACGCCGAAGATCTGCT-1",13.4866530062393
"ACGCCGACAGCCTGTG-1",12.8541068906758
"ACGCCGAGTTCCAACA-1",15.0250512598262
"ACGCCGATCCTATGTT-1",0
"ACGCCGATCGCAGGCT-1",19.9066191360715
"ACGCCGATCTTGTATC-1",0
"ACGGAGAAGCCAGTTT-1",15.9545348021175
"ACGGAGACACACATGT-1",16.9788141395086
"ACGGAGACAGCCTGTG-1",0
"ACGGAGACAGCGTAAG-1",0
"ACGGAGACAGTAAGCG-1",15.1155605443585
"ACGGAGAGTGTGACGA-1",17.9109128271937
"ACGGAGATCCACGAAT-1",13.8359940083598
"ACGGCCACACATCCAA-1",23.2725021361905
"ACGGCCACACATTCGA-1",14.4989264879985
"ACGGCCAGTACCGTAT-1",0
"ACGGCCAGTGTATGGG-1",0
"ACGGCCATCACGGTTA-1",12.0042636145505
"ACGGCCATCAGTGTTG-1",0
"ACGGCCATCTACTATC-1",22.0250510439287
"ACGGGCTAGGATCGCA-1",13.2648217737871
"ACGGGCTAGGTTCCTA-1",17.3569585966824
"ACGGGCTAGTGGCACA-1",24.3385532856185
"ACGGGCTCATCTGGTA-1",18.6106312313932
"ACGGGCTGTGAGGCTA-1",0
"ACGGGCTTCCGAACGC-1",0
"ACGGGTCAGATGCCAG-1",16.7043028204732
"ACGGGTCCATGATCCA-1",24.1294239031078
"ACGGGTCCATTAGGCT-1",0
"ACGGGTCCATTTCACT-1",0
"ACGGGTCGTTAGGGTG-1",0
"ACGGGTCTCAACACCA-1",0
"ACGGGTCTCCACGCAG-1",16.133896221106
"ACGTCAAAGGGCTTCC-1",17.7887771688115
"ACGTCAAAGTGGTAAT-1",0
"ACGTCAACAACTGCGC-1",0
"ACGTCAACACAAGACG-1",14.8264328878198
"ACGTCAAGTAGCTCCG-1",13.8965481128167
"ACGTCAAGTGTCGCTG-1",0
"ACGTCAAGTTATGCGT-1",15.4518760566671
"ACGTCAATCAACCAAC-1",13.6675220363137
"ACGTCAATCATAACCG-1",12.1801221952353
"ACGTCAATCCAGAAGG-1",13.4996258817302
"ACGTCAATCTAACTCT-1",0
"ACTATCTAGAGGTTAT-1",0
"ACTATCTAGATACACA-1",0
"ACTATCTAGGAGTAGA-1",0
"ACTATCTAGGCATGTG-1",0
"ACTATCTCAAATACAG-1",0
"ACTATCTCAAATTGCC-1",0
"ACTATCTGTAGGGACT-1",0
"ACTATCTGTCGCGTGT-1",17.2564569964551
"ACTATCTGTGCACGAA-1",23.6925876279498
"ACTATCTGTGGTTTCA-1",0
"ACTATCTTCGCCGTGA-1",0
"ACTGAACAGAGTGAGA-1",0
"ACTGAACAGATCCCGC-1",0
"ACTGAACAGGTGATAT-1",0
"ACTGAACCAAAGCGGT-1",0
"ACTGAACCAAGCGAGT-1",20.4701045652204
"ACTGAACCAATTCCTT-1",0
"ACTGAACCAGCTGGCT-1",0
"ACTGAACCAGTCTTCC-1",15.4145612053797
"ACTGAACCATTACCTT-1",0
"ACTGAACGTAAGCACG-1",14.7424432443911
"ACTGAACGTAATCGTC-1",0
"ACTGAACGTCCAGTAT-1",17.155568368993
"ACTGAACGTCTGATCA-1",0
"ACTGAACTCCCACTTG-1",16.1259456653195
"ACTGAGTAGCCGGTAA-1",18.6960277309759
"ACTGAGTCAGTGGGAT-1",22.0250510439287
"ACTGAGTCATTTGCCC-1",24.2118909548951
"ACTGAGTGTAGAGCTG-1",24.5654723805444
"ACTGAGTGTTGTGGCC-1",0
"ACTGAGTTCAGGTTCA-1",0
"ACTGATGAGACAGACC-1",12.230595962593
"ACTGATGAGCGGATCA-1",22.5044319159656
"ACTGATGAGGTGCTTT-1",15.1195851287333
"ACTGATGCAGCAGTTT-1",0
"ACTGATGCATCACAAC-1",14.9634257785846
"ACTGATGGTCATGCAT-1",12.0893629349967
"ACTGATGTCACAATGC-1",13.0897994615919
"ACTGATGTCACTCCTG-1",0
"ACTGATGTCCCTGACT-1",12.8921767834851
"ACTGATGTCCGCTGTT-1",0
"ACTGATGTCCGGCACA-1",13.3591694674467
"ACTGATGTCCTATTCA-1",0
"ACTGCTCAGAGCTTCT-1",16.7172651453059
"ACTGCTCAGATGCCTT-1",0
"ACTGCTCCACACCGCA-1",18.0128925939808
"ACTGCTCCAGATGGGT-1",14.4539773031269
"ACTGCTCCATGCCTAA-1",13.4866530062393
"ACTGCTCGTAGGCATG-1",15.2761873683822
"ACTGCTCGTATCACCA-1",0
"ACTGCTCGTCCGAAGA-1",12.0042636145505
"ACTGCTCTCCGAGCCA-1",17.4140515260551
"ACTGTCCAGAGGGCTT-1",0
"ACTGTCCAGCAGCGTA-1",0
"ACTGTCCAGGCATGGT-1",14.6616790542134
"ACTGTCCCAAGGTTTC-1",18.7849693261772
"ACTGTCCCAAGTACCT-1",0
"ACTGTCCCAGTATCTG-1",13.8359940083598
"ACTGTCCCATAGAAAC-1",13.7902003800024
"ACTGTCCGTTGAGGTG-1",14.4593621858943
"ACTGTCCTCCACGTGG-1",0
"ACTGTCCTCCTTGGTC-1",0
"ACTGTCCTCTCTGTCG-1",0
"ACTTACTAGCGATAGC-1",0
"ACTTACTAGGGATGGG-1",0
"ACTTACTCACAGACAG-1",16.340251097438
"ACTTACTCACATTTCT-1",0
"ACTTACTGTACTCAAC-1",0
"ACTTACTGTTCCACAA-1",0
"ACTTACTTCATCGGAT-1",14.838218845597
"ACTTGTTAGACAAGCC-1",0
"ACTTGTTAGCTAGCCC-1",14.2634848937301
"ACTTGTTAGTTACCCA-1",14.4989264879985
"ACTTGTTCACGACGAA-1",0
"ACTTGTTCACGGCTAC-1",12.4089799940867
"ACTTGTTGTATCGCAT-1",0
"ACTTGTTGTGGTAACG-1",15.1299024105341
"ACTTGTTGTTGTGGAG-1",14.6616790542134
"ACTTGTTTCATCACCC-1",0
"ACTTTCACATGGTCAT-1",17.6942769871924
"ACTTTCAGTGACTACT-1",0
"ACTTTCATCGCCAGCA-1",0
"AGAATAGAGCTGAACG-1",0
"AGAATAGAGCTGTCTA-1",0
"AGAATAGAGGTAGCTG-1",0
"AGAATAGCATGGTCTA-1",17.8638645698855
"AGAATAGGTATTCTCT-1",17.089244696173
"AGAATAGGTGCGGTAA-1",0
"AGAATAGGTTAAGAAC-1",0
"AGAATAGTCAGGCCCA-1",16.0036678750467
"AGACGTTAGAATGTGT-1",12.4569518671334
"AGACGTTAGCTCCTCT-1",15.8408748865911
"AGACGTTAGTGCCAGA-1",0
"AGACGTTCAGGATCGA-1",0
"AGACGTTGTAGCTGCC-1",16.9230312118355
"AGACGTTGTCTGCAAT-1",0
"AGACGTTGTTCTGTTT-1",12.0666818726274
"AGACGTTTCGCATGGC-1",12.8337550554174
"AGACGTTTCGCTTAGA-1",14.2200629047199
"AGAGCGACAACTTGAC-1",0
"AGAGCGACAAGTACCT-1",12.8912189608696
"AGAGCGACACAACGTT-1",22.0250510439287
"AGAGCGACATGAGCGA-1",0
"AGAGCGAGTCAGTGGA-1",16.1781598288656
"AGAGCGAGTCGACTGC-1",18.0917306163288
"AGAGCGAGTTGAGTTC-1",0
"AGAGCGATCGCGTAGC-1",0
"AGAGCGATCTATCCTA-1",0
"AGAGCGATCTCGCTTG-1",0
"AGAGCTTAGCCGTCGT-1",0
"AGAGCTTAGTACACCT-1",0
"AGAGCTTAGTCATGCT-1",0
"AGAGCTTGTAGAGCTG-1",0
"AGAGCTTGTATCACCA-1",13.4018758282126
"AGAGCTTTCACTATTC-1",13.1287593048513
"AGAGCTTTCCTGCAGG-1",0
"AGAGCTTTCGCAAACT-1",0
"AGAGCTTTCGCTTAGA-1",0
"AGAGTGGAGAGCCTAG-1",0
"AGAGTGGAGGCCCTTG-1",0
"AGAGTGGAGGTACTCT-1",0
"AGAGTGGCACAAGACG-1",13.4168279805937
"AGAGTGGCACCTCGTT-1",0
"AGAGTGGCATCCGGGT-1",21.6976516490028
"AGAGTGGCATCTGGTA-1",0
"AGAGTGGGTCAGCTAT-1",17.8318471145694
"AGAGTGGGTCCTCCAT-1",12.0666818726274
"AGAGTGGGTCTAGTCA-1",0
"AGAGTGGGTTACCGAT-1",15.120057171571
"AGATCTGAGGTGGGTT-1",12.4569518671334
"AGATCTGAGTCAAGGC-1",25.3753974489706
"AGATCTGCAATGTTGC-1",13.4887489093906
"AGATCTGTCGAATCCA-1",0
"AGATCTGTCTGCAGTA-1",0
"AGATTGCAGGCTACGA-1",0
"AGATTGCCACGACGAA-1",0
"AGATTGCCAGATGGGT-1",12.6065416803146
"AGATTGCGTAGAGCTG-1",22.20184232056
"AGATTGCGTGATGTCT-1",0
"AGATTGCGTGTTCGAT-1",0
"AGATTGCGTTCACGGC-1",0
"AGATTGCTCACTGGGC-1",18.2890445377948
"AGATTGCTCATCTGTT-1",0
"AGCAGCCAGCTGATAA-1",0
"AGCAGCCCACCGAAAG-1",0
"AGCAGCCGTCGACTGC-1",0
"AGCAGCCGTCGCTTTC-1",15.8873245313367
"AGCAGCCGTCTAACGT-1",0
"AGCAGCCGTGTGAAAT-1",14.6376585097185
"AGCAGCCGTTTGTTGG-1",0
"AGCAGCCTCCAAACAC-1",0
"AGCATACAGTGGTAGC-1",16.9201282321344
"AGCATACAGTTGTCGT-1",0
"AGCATACGTCTTCTCG-1",0
"AGCATACGTTAAGTAG-1",18.5489002257572
"AGCATACTCCGTTGCT-1",18.0974631300968
"AGCCTAAAGATATGGT-1",0
"AGCCTAACAAAGCGGT-1",0
"AGCCTAACAGATAATG-1",0
"AGCCTAAGTACGAAAT-1",12.7261581275892
"AGCCTAAGTCACCTAA-1",0
"AGCCTAAGTGTGCCTG-1",0
"AGCCTAATCACCCGAG-1",14.2200629047199
"AGCCTAATCCAATGGT-1",0
"AGCCTAATCCTTGGTC-1",16.8781021440033
"AGCCTAATCTGTGCAA-1",18.9343570449203
"AGCCTAATCTGTTTGT-1",17.2173613624784
"AGCGGTCAGCGAAGGG-1",0
"AGCGGTCAGGTACTCT-1",16.8876581553245
"AGCGGTCAGTGACTCT-1",20.9261127492703
"AGCGGTCCAGCCTTGG-1",12.8342478943648
"AGCGGTCGTCCTAGCG-1",14.1119679576302
"AGCGGTCGTGGTGTAG-1",15.9545348021175
"AGCGGTCGTTAAGGGC-1",13.4018758282126
"AGCGGTCGTTTGCATG-1",0
"AGCGGTCTCCGAAGAG-1",0
"AGCGGTCTCCTCAATT-1",12.8337550554174
"AGCGGTCTCTGGGCCA-1",14.0176358943412
"AGCGTATAGAACTGTA-1",13.8359940083598
"AGCGTATAGCGATGAC-1",0
"AGCGTATAGGTACTCT-1",0
"AGCGTATGTTGAGGTG-1",0
"AGCGTATTCCAGAGGA-1",0
"AGCGTCGAGTTGAGTA-1",13.8359940083598
"AGCGTCGCAGGGATTG-1",19.3540810823572
"AGCGTCGTCTGAAAGA-1",12.4569518671334
"AGCTCCTAGACCTAGG-1",0
"AGCTCCTAGCGTTTAC-1",0
"AGCTCCTGTGTTTGTG-1",0
"AGCTCCTGTTGTCTTT-1",0
"AGCTCCTTCCGAATGT-1",13.6675220363137
"AGCTCCTTCTTGACGA-1",11.966762899666
"AGCTCTCAGCGGATCA-1",13.6675220363137
"AGCTCTCAGCTGTTCA-1",14.4989264879985
"AGCTCTCAGGTGCTAG-1",12.3562299704031
"AGCTCTCCATACAGCT-1",0
"AGCTCTCGTCAGAGGT-1",16.6341123123308
"AGCTCTCGTGGGTCAA-1",0
"AGCTCTCTCACAACGT-1",17.155568368993
"AGCTCTCTCTTGACGA-1",0
"AGCTTGAAGCATCATC-1",18.6960277309759
"AGCTTGAAGTAGCGGT-1",0
"AGCTTGAAGTTGTCGT-1",17.0333304913014
"AGCTTGACAATCCAAC-1",13.7319493896476
"AGCTTGACACCGATAT-1",0
"AGCTTGAGTCTACCTC-1",0
"AGCTTGAGTGCGCTTG-1",20.5510061457403
"AGCTTGAGTTACGCGC-1",23.7863503445203
"AGCTTGATCCTGCCAT-1",0
"AGCTTGATCTGCAAGT-1",13.8359940083598
"AGGCCACAGAGTAAGG-1",15.0250512598262
"AGGCCACAGGGTCTCC-1",14.2882014669379
"AGGCCACAGTACTTGC-1",19.3540810823572
"AGGCCACCAGGACCCT-1",0
"AGGCCACCATCAGTCA-1",15.9548561183583
"AGGCCACTCATGCTCC-1",12.6065416803146
"AGGCCACTCATTGCGA-1",0
"AGGCCGTAGGATCGCA-1",0
"AGGCCGTCACGTAAGG-1",12.7916237267534
"AGGCCGTCAGCTCGAC-1",0
"AGGCCGTCATCGTCGG-1",13.5454178692726
"AGGCCGTTCACGGTTA-1",22.0098618029405
"AGGCCGTTCGAACTGT-1",0
"AGGCCGTTCTCAAGTG-1",15.9548561183583
"AGGCCGTTCTGCTTGC-1",0
"AGGGAGTAGCCCAACC-1",0
"AGGGAGTAGGAGTACC-1",0
"AGGGAGTAGGCAGGTT-1",14.23603426635
"AGGGAGTCACGAGAGT-1",26.1414475564388
"AGGGAGTCAGAAGCAC-1",0
"AGGGAGTCAGATCCAT-1",0
"AGGGAGTCATCGACGC-1",0
"AGGGAGTCATGCTAGT-1",0
"AGGGAGTGTCCATGAT-1",14.3179070649766
"AGGGAGTTCATAACCG-1",0
"AGGGATGAGCTCTCGG-1",17.685022894187
"AGGGATGAGGAGTAGA-1",0
"AGGGATGAGTAGCGGT-1",15.3348906862085
"AGGGATGCAATGAATG-1",14.8232300689552
"AGGGATGCAATGGAGC-1",16.9985694454887
"AGGGATGCACAAGACG-1",0
"AGGGATGCACATTTCT-1",0
"AGGGATGCATGGTCTA-1",0
"AGGGATGGTTAAAGTG-1",0
"AGGGATGGTTATGCGT-1",0
"AGGGATGTCGTGACAT-1",21.7916305032437
"AGGGTGAAGATGGCGT-1",18.1465434832494
"AGGGTGAAGATGGGTC-1",0
"AGGGTGAAGGCTCAGA-1",14.2882014669379
"AGGGTGACACGAGAGT-1",13.7319493896476
"AGGGTGACAGATGGCA-1",16.4252538370857
"AGGGTGACAGATTGCT-1",0
"AGGGTGAGTACTCTCC-1",16.0036678750467
"AGGGTGAGTTATCGGT-1",0
"AGGGTGAGTTCTGAAC-1",24.2118909548951
"AGGGTGATCTCGCTTG-1",12.6748851427053
"AGGTCATAGAGCCCAA-1",22.1650784894733
"AGGTCATAGCCAGAAC-1",15.0967285332316
"AGGTCATAGGCATGGT-1",0
"AGGTCATAGGGAGTAA-1",0
"AGGTCATCACTCAGGC-1",0
"AGGTCATCACTCTGTC-1",0
"AGGTCATGTTCCACTC-1",16.9201282321344
"AGGTCATTCTCGTTTA-1",0
"AGGTCCGAGGATGCGT-1",17.3569585966825
"AGGTCCGGTGATGCCC-1",0
"AGGTCCGTCCATGAAC-1",21.5903000733684
"AGGTCCGTCGCCCTTA-1",0
"AGGTCCGTCTGCGTAA-1",0
"AGTAGTCAGACTGTAA-1",13.2675235566373
"AGTAGTCAGTACGACG-1",0
"AGTAGTCAGTTTAGGA-1",0
"AGTAGTCCAACTGGCC-1",0
"AGTAGTCGTGCAGACA-1",0
"AGTAGTCTCACCCGAG-1",0
"AGTCTTTAGGCAGTCA-1",12.7261581275892
"AGTCTTTCAAATCCGT-1",12.7916237267534
"AGTCTTTCATATACCG-1",13.2232148601255
"AGTCTTTGTGCTTCTC-1",24.5654723805444
"AGTCTTTGTGTCCTCT-1",20.9261127492703
"AGTCTTTTCGCAGGCT-1",0
"AGTCTTTTCGCGTAGC-1",0
"AGTCTTTTCGCTAGCG-1",15.4129202524493
"AGTCTTTTCGCTTGTC-1",17.089244696173
"AGTCTTTTCTGACCTC-1",0
"AGTGAGGAGATAGCAT-1",20.9261127492703
"AGTGAGGCAGGTGCCT-1",12.4569518671334
"AGTGAGGGTATGAAAC-1",0
"AGTGAGGGTCACTTCC-1",0
"AGTGAGGGTCGCGAAA-1",0
"AGTGAGGGTTATGTGC-1",13.1681566110149
"AGTGAGGTCTACTATC-1",13.4866530062393
"AGTGGGAAGCAGACTG-1",0
"AGTGGGACAAACGCGA-1",0
"AGTGGGACAAGCCGTC-1",0
"AGTGGGACACAGGAGT-1",18.3707668918442
"AGTGGGACACGAGAGT-1",13.2232148601255
"AGTGGGATCATCGATG-1",13.8965481128167
"AGTGGGATCCACGAAT-1",0
"AGTGGGATCCTGCAGG-1",23.8025438311026
"AGTGTCAAGAAGCCCA-1",0
"AGTGTCAAGCTAGTCT-1",19.7659873229375
"AGTGTCAAGTACGACG-1",0
"AGTGTCAAGTGAACAT-1",13.7948232643943
"AGTGTCACACCATCCT-1",0
"AGTGTCACAGTAAGCG-1",0
"AGTGTCACAGTGGAGT-1",13.1352180548438
"AGTGTCAGTAAACCTC-1",22.0087661607089
"AGTGTCAGTACAGCAG-1",0
"AGTGTCAGTCTCCACT-1",23.0033607664525
"AGTGTCAGTTTGACTG-1",15.4129202524493
"AGTGTCATCAAAGTAG-1",0
"AGTGTCATCCGTCAAA-1",0
"AGTGTCATCGTTACAG-1",0
"AGTGTCATCTGTCAAG-1",0
"AGTTGGTAGACTGTAA-1",17.155568368993
"AGTTGGTAGTACGCGA-1",16.8876581553245
"AGTTGGTCAAATTGCC-1",0
"AGTTGGTCAGGAATGC-1",0
"AGTTGGTCATGCGCAC-1",0
"AGTTGGTGTACCGTAT-1",24.525942880141
"AGTTGGTGTATGCTTG-1",13.1287593048513
"AGTTGGTGTCAGGACA-1",13.5495762859396
"AGTTGGTGTTCAGACT-1",0
"AGTTGGTTCAGTACGT-1",0
"AGTTGGTTCCTCAACC-1",19.7659873229375
"AGTTGGTTCGTACCGG-1",0
"AGTTGGTTCTGTCCGT-1",0
"ATAACGCAGTTGAGTA-1",17.8638645698855
"ATAACGCCACGTGAGA-1",22.0912934958075
"ATAACGCGTGAACCTT-1",13.4996258817302
"ATAACGCGTGTCCTCT-1",0
"ATAACGCGTGTGAAAT-1",0
"ATAACGCTCTCCGGTT-1",13.4996258817302
"ATAAGAGAGTCCGGTC-1",0
"ATAAGAGCAACTGCGC-1",0
"ATAAGAGCAGTATCTG-1",0
"ATAAGAGGTGACGCCT-1",14.9634257785846
"ATAAGAGGTTAAAGTG-1",0
"ATAAGAGTCAGCACAT-1",0
"ATAAGAGTCAGTGCAT-1",0
"ATAGACCAGAGAGCTC-1",11.9458807945713
"ATAGACCAGCCCAATT-1",0
"ATAGACCCAAGCCATT-1",12.8337550554174
"ATAGACCCATCTGGTA-1",13.8151404032605
"ATAGACCGTATATGGA-1",15.0544103971236
"ATAGACCGTGGACGAT-1",13.2648217737871
"ATAGACCGTGGCGAAT-1",15.0744327536786
"ATAGACCGTTTCGCTC-1",18.0974631300968
"ATCACGAAGAACTCGG-1",0
"ATCACGAAGACACGAC-1",12.3562299704031
"ATCACGAAGTTACCCA-1",0
"ATCACGACAAGACACG-1",12.4336958453822
"ATCACGACAAGCGTAG-1",0
"ATCACGACACACATGT-1",0
"ATCACGACACCACCAG-1",0
"ATCACGACACGGTAAG-1",0
"ATCACGACAGCGAACA-1",22.20184232056
"ATCACGATCCCGACTT-1",14.2624961636267
"ATCACGATCGGTGTCG-1",12.7261581275892
"ATCATCTAGCCTATGT-1",0
"ATCATCTAGGCCATAG-1",24.2118909548951
"ATCATCTAGTACTTGC-1",0
"ATCATCTCAGACGCCT-1",12.2750055961892
"ATCATCTCATCCGTGG-1",16.0036678750467
"ATCATCTGTATTACCG-1",12.3113721612095
"ATCATCTGTCACTTCC-1",0
"ATCATCTTCAGCGACC-1",0
"ATCATCTTCCTCAACC-1",20.9261127492703
"ATCATGGCAAGCGTAG-1",0
"ATCATGGCAAGGTTCT-1",0
"ATCATGGCACTACAGT-1",0
"ATCATGGGTAAGGGAA-1",13.0995483006307
"ATCATGGGTTGTGGCC-1",0
"ATCATGGTCAATAAGG-1",0
"ATCATGGTCCAATGGT-1",0
"ATCATGGTCGCCATAA-1",15.1299024105341
"ATCATGGTCGGTTAAC-1",15.7835032080517
"ATCCACCAGCTAGTCT-1",16.468230511247
"ATCCACCAGGCTCTTA-1",0
"ATCCACCCAAACGTGG-1",0
"ATCCACCCAGTTAACC-1",0
"ATCCACCGTCCGAAGA-1",0
"ATCCACCGTTTGTTTC-1",0
"ATCCACCTCCTGCTTG-1",12.230595962593
"ATCCACCTCCTTAATC-1",18.0643781153709
"ATCCACCTCTGGTATG-1",17.9292155184586
"ATCCGAAAGCGATGAC-1",0
"ATCCGAAAGCTAGGCA-1",13.6864660507015
"ATCCGAACAAACGTGG-1",0
"ATCCGAACAACAACCT-1",0
"ATCCGAACAAGGACTG-1",0
"ATCCGAACACCCATTC-1",0
"ATCCGAACACGGTAGA-1",0
"ATCCGAAGTAGCGCTC-1",17.155568368993
"ATCCGAAGTCATTAGC-1",0
"ATCCGAAGTCTCTTAT-1",12.1428377431584
"ATCCGAATCCAACCAA-1",0
"ATCCGAATCCTTGACC-1",0
"ATCCGAATCTTGTCAT-1",15.0544103971236
"ATCGAGTAGACTTTCG-1",0
"ATCGAGTCATCCGGGT-1",0
"ATCGAGTGTCCCTTGT-1",12.0712194275776
"ATCGAGTGTCTCCCTA-1",0
"ATCGAGTTCATGCATG-1",16.6051030783863
"ATCGAGTTCCTGCCAT-1",0
"ATCTACTAGGTGTGGT-1",12.6748851427053
"ATCTACTCAGCTGTAT-1",22.8739626785248
"ATCTACTCAGTACACT-1",0
"ATCTACTCATGACATC-1",13.4018758282126
"ATCTACTGTAAGTAGT-1",0
"ATCTACTGTGTCGCTG-1",13.995598956019
"ATCTACTTCCGCGTTT-1",13.2675235566373
"ATCTACTTCGCAAGCC-1",12.673434723843
"ATCTACTTCTATCGCC-1",13.4866530062393
"ATCTACTTCTCTAAGG-1",0
"ATCTGCCAGGCTCAGA-1",0
"ATCTGCCGTACAGTTC-1",0
"ATCTGCCGTTGTGGAG-1",13.6675220363137
"ATCTGCCTCAGAGACG-1",15.2761873683822
"ATCTGCCTCAGCTGGC-1",0
"ATCTGCCTCGTACGGC-1",17.7887771688115
"ATCTGCCTCTCGAGTA-1",15.9213214156177
"ATCTGCCTCTGAGTGT-1",0
"ATCTGCCTCTTGTATC-1",0
"ATGAGGGAGGTCGGAT-1",0
"ATGAGGGCATGACGGA-1",13.6886092692124
"ATGAGGGCATTAGGCT-1",0
"ATGAGGGTCACATGCA-1",0
"ATGAGGGTCAGTCCCT-1",0
"ATGCGATAGTCAATAG-1",0
"ATGCGATCATGTTGAC-1",21.9159855265739
"ATGCGATGTGCAGTAG-1",12.1046688769676
"ATGCGATGTGCATCTA-1",21.6976516490028
"ATGCGATTCCCAAGAT-1",13.6675220363137
"ATGCGATTCGCCATAA-1",17.8830794219425
"ATGGGAGAGCAATATG-1",0
"ATGGGAGAGCCACGCT-1",16.0989654555438
"ATGGGAGAGGTGATAT-1",12.6225787625619
"ATGGGAGCACCAGGTC-1",0
"ATGGGAGCACTATCTT-1",12.6748851427053
"ATGGGAGCAGCATACT-1",0
"ATGGGAGCATAGAAAC-1",12.88954025986
"ATGGGAGCATTACCTT-1",0
"ATGTGTGAGCGAAGGG-1",0
"ATGTGTGAGGGTTTCT-1",0
"ATGTGTGAGTTGAGTA-1",18.6960277309759
"ATGTGTGCACGGCGTT-1",14.5487509226882
"ATGTGTGCACGGTTTA-1",0
"ATGTGTGCAGTATAAG-1",17.685022894187
"ATGTGTGTCACGCGGT-1",0
"ATTACTCAGATGTGTA-1",0
"ATTACTCAGCGTAATA-1",14.6481485095448
"ATTACTCAGGTGCACA-1",0
"ATTACTCAGTGAAGTT-1",12.3113721612095
"ATTACTCCAAACTGTC-1",0
"ATTACTCCACCATCCT-1",13.4168279805937
"ATTACTCCAGACTCGC-1",12.1872417932478
"ATTACTCCATATGCTG-1",24.1294239031078
"ATTACTCCATCGGTTA-1",0
"ATTACTCCATTGCGGC-1",13.7514963771457
"ATTACTCGTTAAAGAC-1",22.0250510439287
"ATTACTCTCCGAACGC-1",16.4654047451899
"ATTATCCAGAGTACCG-1",0
"ATTATCCAGCTTATCG-1",12.5936730211973
"ATTATCCCACAAGCCC-1",0
"ATTATCCCATATGAGA-1",0
"ATTATCCCATCTGGTA-1",17.755333998338
"ATTATCCGTCGTTGTA-1",0
"ATTATCCGTCTCTCTG-1",0
"ATTATCCTCAACGGGA-1",0
"ATTATCCTCCGCGCAA-1",14.9634257785846
"ATTATCCTCTCCGGTT-1",0
"ATTCTACGTCACTTCC-1",0
"ATTCTACGTCTAGTCA-1",0
"ATTCTACGTTGTCGCG-1",0
"ATTGGACAGCAGATCG-1",17.3961343723629
"ATTGGACAGGGCATGT-1",14.6481485095448
"ATTGGACAGTGGACGT-1",0
"ATTGGACCAAGACACG-1",16.8876581553245
"ATTGGACGTAATAGCA-1",16.1440232831511
"ATTGGACTCCTGCTTG-1",0
"ATTGGACTCGGCGCAT-1",18.9343570449203
"ATTGGACTCGTTTGCC-1",0
"ATTGGTGAGAATGTTG-1",0
"ATTGGTGCAAGCTGAG-1",0
"ATTGGTGCAGCAGTTT-1",0
"ATTGGTGGTTGAGTTC-1",0
"ATTGGTGTCAAAGTAG-1",0
"ATTGGTGTCGGAAACG-1",0
"ATTTCTGAGGGATACC-1",12.3113721612095
"ATTTCTGAGGGATCTG-1",0
"ATTTCTGAGGTGTTAA-1",0
"ATTTCTGAGTCGAGTG-1",18.6960277309759
"ATTTCTGAGTTCGCAT-1",0
"ATTTCTGCAAGGTGTG-1",0
"ATTTCTGGTAGCTCCG-1",18.1465434832494
"ATTTCTGGTGCACGAA-1",0
"ATTTCTGGTTGCCTCT-1",11.9946073905911
"ATTTCTGTCAAAGTAG-1",14.4317888243781
"ATTTCTGTCAGCTCGG-1",0
"ATTTCTGTCTTGGGTA-1",0
"CAACCAAAGAAACGCC-1",0
"CAACCAAAGAGGGCTT-1",18.0643781153709
"CAACCAAAGCTGAAAT-1",16.468230511247
"CAACCAAAGGACAGCT-1",0
"CAACCAAAGGGAGTAA-1",13.0157167330767
"CAACCAACATACGCTA-1",0
"CAACCTCAGTAATCCC-1",15.0250512598262
"CAACCTCCAGACGCAA-1",0
"CAACCTCGTGAGTGAC-1",0
"CAACCTCGTTCCACGG-1",13.5495762859396
"CAACCTCTCATACGGT-1",12.4123164780163
"CAACCTCTCCGATATG-1",0
"CAACCTCTCCTTTACA-1",14.6616790542133
"CAACCTCTCTCTAGGA-1",19.4511287693794
"CAACTAGAGAATAGGG-1",14.0144568864033
"CAACTAGAGGATGCGT-1",0
"CAACTAGCACCATCCT-1",12.8921767834851
"CAACTAGCAGACTCGC-1",0
"CAACTAGCAGTTCATG-1",13.7388759947039
"CAACTAGGTACGCACC-1",0
"CAACTAGTCAGGCCCA-1",22.459833939446
"CAAGAAAAGAAGGACA-1",13.4040133914113
"CAAGAAAAGACGCACA-1",0
"CAAGAAAAGGCCCTTG-1",13.7388759947039
"CAAGAAAAGGTGATAT-1",12.1046688769676
"CAAGAAAAGTCGATAA-1",0
"CAAGAAAAGTGGAGTC-1",0
"CAAGAAAAGTGTACCT-1",14.0035928107544
"CAAGAAACACGGTGTC-1",0
"CAAGAAATCTGCTTGC-1",13.4996258817302
"CAAGATCAGCTGAAAT-1",13.089228714082
"CAAGATCGTAAGAGGA-1",12.4336958453822
"CAAGATCGTGCCTTGG-1",0
"CAAGATCTCAACACCA-1",0
"CAAGATCTCTCGATGA-1",0
"CAAGGCCAGGAGTCTG-1",22.3060191770467
"CAAGGCCAGGCTATCT-1",0
"CAAGGCCCACGGTAAG-1",12.8337550554174
"CAAGGCCCATGTTCCC-1",0
"CAAGGCCGTCCGTCAG-1",0
"CAAGGCCTCAACGGGA-1",15.5953132782116
"CAAGGCCTCCTTGACC-1",0
"CAAGGCCTCGTGACAT-1",12.8342478943648
"CAAGTTGAGACAGGCT-1",13.993272747222
"CAAGTTGAGATGTCGG-1",0
"CAAGTTGAGCGTCAAG-1",0
"CAAGTTGAGCGTTTAC-1",0
"CAAGTTGCACATTAGC-1",0
"CAAGTTGCACGCTTTC-1",13.7078749330362
"CAAGTTGCACGGTGTC-1",0
"CAAGTTGCATTCTTAC-1",16.9788141395086
"CAAGTTGGTACTCAAC-1",0
"CAAGTTGGTCAGGACA-1",0
"CAAGTTGGTCGGCACT-1",0
"CAAGTTGTCAACGAAA-1",0
"CAAGTTGTCACCACCT-1",0
"CAAGTTGTCATTGCCC-1",18.0974631300968
"CAAGTTGTCGAATCCA-1",13.912602438204
"CAAGTTGTCTACTTAC-1",0
"CACAAACAGGGCTCTC-1",18.5489002257572
"CACAAACAGGGCTTGA-1",0
"CACAAACAGTGACATA-1",0
"CACAAACCAACTGCGC-1",18.9343570449203
"CACAAACCAATAAGCA-1",16.1259456653195
"CACAAACCAATCAGAA-1",0
"CACAAACCACTTAACG-1",0
"CACAAACCATGAACCT-1",0
"CACAAACCATGGTCAT-1",0
"CACAAACGTCAACTGT-1",0
"CACAAACGTCAGAATA-1",0
"CACAAACTCTTCGGTC-1",0
"CACAAACTCTTGGGTA-1",13.4996258817302
"CACACAAAGCGACGTA-1",13.3173524031846
"CACACAAAGGGAGTAA-1",0
"CACACAACAAACGTGG-1",0
"CACACAACACATGACT-1",0
"CACACAACATCGATTG-1",13.4309775307703
"CACACAACATTGGGCC-1",16.7043028204732
"CACACAAGTACGACCC-1",17.2060792650396
"CACACAAGTCAGTGGA-1",0
"CACACAAGTCATCGGC-1",0
"CACACAAGTTTACTCT-1",0
"CACACAATCCACGTGG-1",0
"CACACAATCCACGTTC-1",16.5937075422701
"CACACAATCGGCGCAT-1",0
"CACACCTAGAGACTAT-1",0
"CACACCTAGGACATTA-1",0
"CACACCTAGTGTGAAT-1",0
"CACACCTCACTGAAGG-1",15.1299024105341
"CACACCTCATAGGATA-1",27.6563919124107
"CACACCTCATAGTAAG-1",0
"CACACCTCATTGGGCC-1",17.3961343723629
"CACACCTGTACAGCAG-1",14.2077107090519
"CACACCTGTACCGCTG-1",0
"CACACCTGTCCAAGTT-1",0
"CACACCTGTGGACGAT-1",0
"CACACCTGTGGTCTCG-1",13.2675235566373
"CACACCTTCATGTCTT-1",18.2890445377948
"CACACCTTCTGGCGAC-1",0
"CACACTCAGGGAAACA-1",14.146667432331
"CACACTCCAACACCTA-1",13.2079363030901
"CACACTCCAAGGGTCA-1",0
"CACACTCGTGACGCCT-1",0
"CACACTCGTTTGTGTG-1",12.7922110457526
"CACAGGCAGCCATCGC-1",13.4811895052698
"CACAGGCAGGGATGGG-1",19.3016444964206
"CACAGGCCAAGAGTCG-1",0
"CACAGGCCAATGGAGC-1",13.7319493896476
"CACAGGCGTCTAGGTT-1",0
"CACAGGCGTTACGCGC-1",0
"CACAGGCTCGGGAGTA-1",12.9326814662775
"CACAGGCTCTATGTGG-1",22.459833939446
"CACAGTAAGACGCAAC-1",0
"CACAGTAAGACGCACA-1",0
"CACAGTAAGTGGGCTA-1",13.0995483006307
"CACAGTACAACTGGCC-1",12.6065416803146
"CACAGTACATCGGACC-1",22.459833939446
"CACAGTAGTTCCATGA-1",24.2118909548951
"CACATAGAGCCCAATT-1",0
"CACATAGAGTGTACTC-1",0
"CACATAGCACTTCTGC-1",15.9810868501037
"CACATAGCAGGGTATG-1",0
"CACATAGTCCTTGCCA-1",13.3085558092503
"CACATAGTCGGCGCAT-1",17.3569585966824
"CACATTTAGCAGATCG-1",0
"CACATTTAGGGCACTA-1",16.5937075422701
"CACATTTCACGGCGTT-1",0
"CACATTTCATTACCTT-1",0
"CACATTTGTCGAACAG-1",0
"CACATTTGTGTTGAGG-1",0
"CACATTTTCCAGAGGA-1",16.133896221106
"CACATTTTCCGCATCT-1",0
"CACATTTTCTACTATC-1",13.5343297308721
"CACATTTTCTGTGCAA-1",0
"CACCACTAGCCACGTC-1",14.9634257785846
"CACCACTAGTGGTAAT-1",0
"CACCACTAGTTACCCA-1",0
"CACCACTCAAGCCCAC-1",0
"CACCACTCAGTTCATG-1",12.0042636145505
"CACCACTGTTATTCTC-1",0
"CACCACTTCACCGGGT-1",15.087157047055
"CACCACTTCGAATCCA-1",16.8876581553245
"CACCACTTCGACCAGC-1",15.4129202524493
"CACCACTTCTAACCGA-1",12.0893629349967
"CACCACTTCTTTAGTC-1",0
"CACCAGGCACATTAGC-1",24.2118909548951
"CACCAGGCACTGCCAG-1",0
"CACCAGGCATAAAGGT-1",0
"CACCAGGCATGAACCT-1",0
"CACCAGGGTGAAATCA-1",0
"CACCAGGGTGTTTGGT-1",0
"CACCAGGGTTATCACG-1",0
"CACCAGGTCATGTAGC-1",0
"CACCAGGTCTGCTTGC-1",12.8342478943648
"CACCTTGAGACTTGAA-1",14.2882014669379
"CACCTTGAGTCAATAG-1",19.081952339127
"CACCTTGCAGGCGATA-1",13.9427235005656
"CACCTTGCATTCCTGC-1",18.5776316589072
"CACCTTGGTCATTAGC-1",18.6960277309759
"CACCTTGGTGATGTCT-1",19.0972806055767
"CACCTTGGTTATGTGC-1",17.3569585966825
"CACCTTGTCAACCATG-1",0
"CACCTTGTCATTATCC-1",19.3540810823572
"CACCTTGTCCAAAGTC-1",13.6886092692124
"CACCTTGTCTCACATT-1",0
"CACTCCAAGACAAGCC-1",0
"CACTCCAAGGTACTCT-1",15.2481117606289
"CACTCCACAATGGACG-1",0
"CACTCCAGTACATGTC-1",0
"CACTCCAGTTGTCGCG-1",24.5654723805444
"CACTCCATCAACACAC-1",12.88954025986
"CACTCCATCCCAGGTG-1",20.4701045652204
"CAGAATCAGAAACCTA-1",0
"CAGAATCAGCCAACAG-1",12.0666818726274
"CAGAATCAGCTGGAAC-1",12.4089799940867
"CAGAATCAGGACTGGT-1",0
"CAGAATCAGTATCGAA-1",24.525942880141
"CAGAATCCACAGAGGT-1",15.0967285332316
"CAGAATCCAGGGTACA-1",0
"CAGAATCGTAAGTGTA-1",0
"CAGAATCGTAATCACC-1",14.0068454314282
"CAGAATCTCAGTTTGG-1",14.8634708027362
"CAGAATCTCGCAAGCC-1",13.089228714082
"CAGAATCTCGGTCCGA-1",13.5495762859396
"CAGAATCTCTTGCAAG-1",12.7922110457526
"CAGAATCTCTTGTACT-1",0
"CAGAGAGAGAATTGTG-1",12.6748851427053
"CAGAGAGAGCAATATG-1",0
"CAGAGAGCAAGAAGAG-1",0
"CAGAGAGCACCAGATT-1",22.1650784894733
"CAGAGAGGTAATCACC-1",0
"CAGAGAGGTAGCTGCC-1",0
"CAGAGAGGTAGGACAC-1",0
"CAGAGAGGTATAGGGC-1",0
"CAGAGAGGTCCGAATT-1",16.133896221106
"CAGAGAGGTTGAGGTG-1",11.9458807945713
"CAGAGAGTCACCCGAG-1",0
"CAGAGAGTCATAACCG-1",12.0712194275776
"CAGAGAGTCCGAACGC-1",24.5654723805444
"CAGAGAGTCTGGTATG-1",14.0068454314282
"CAGATCAAGAGACGAA-1",23.0033607664525
"CAGATCAAGCACCGTC-1",0
"CAGATCAAGCTTCGCG-1",0
"CAGATCAAGGATTCGG-1",0
"CAGATCAAGTGTACCT-1",12.8190378538932
"CAGATCAAGTTTAGGA-1",0
"CAGATCACAATAACGA-1",0
"CAGATCACACACCGAC-1",0
"CAGATCACACGGTAAG-1",11.966762899666
"CAGATCACACTCTGTC-1",0
"CAGATCACAGCATACT-1",0
"CAGATCACAGTGGGAT-1",13.4866530062393
"CAGATCAGTACCAGTT-1",0
"CAGATCAGTGCGGTAA-1",0
"CAGATCATCTGATTCT-1",12.8337550554174
"CAGCAGCAGATGCCAG-1",18.9343570449203
"CAGCAGCAGGGAACGG-1",0
"CAGCAGCCACCTATCC-1",13.8151404032605
"CAGCAGCCATCACAAC-1",0
"CAGCAGCTCAACACTG-1",13.4996258817302
"CAGCAGCTCGAACTGT-1",13.8359940083598
"CAGCAGCTCGCCGTGA-1",23.0387560767056
"CAGCATAAGAGACGAA-1",0
"CAGCATAGTCTAGGTT-1",17.5133363202772
"CAGCATAGTTTACTCT-1",0
"CAGCATATCACGAAGG-1",0
"CAGCATATCAGGCAAG-1",15.615215481842
"CAGCATATCCTTAATC-1",0
"CAGCCGAAGCATCATC-1",14.4317888243781
"CAGCCGAAGTTTCCTT-1",0
"CAGCCGACACGTGAGA-1",20.4701045652204
"CAGCCGACATCAGTCA-1",12.88954025986
"CAGCCGAGTGATGTCT-1",12.8190378538932
"CAGCCGATCACCAGGC-1",15.8931304721761
"CAGCCGATCCTCAATT-1",0
"CAGCGACAGAAACGCC-1",12.4336958453822
"CAGCGACAGCGTCAAG-1",0
"CAGCGACCAAACGTGG-1",16.6845277498135
"CAGCGACCAAAGCGGT-1",13.4018758282126
"CAGCGACCACGTCAGC-1",22.459833939446
"CAGCGACCATGGGACA-1",0
"CAGCGACGTCTGATTG-1",0
"CAGCGACGTGGACGAT-1",13.4996258817302
"CAGCGACGTGGTTTCA-1",0
"CAGCGACGTTCGGCAC-1",0
"CAGCGACTCCGCAAGC-1",16.133896221106
"CAGCGACTCTGGGCCA-1",0
"CAGCTAAAGATGTGTA-1",0
"CAGCTAAAGCAGACTG-1",17.155568368993
"CAGCTAAAGCTGTTCA-1",18.5535628727385
"CAGCTAAAGGAGCGTT-1",0
"CAGCTAACACAGATTC-1",12.7261581275892
"CAGCTAACATCAGTAC-1",0
"CAGCTAAGTAATCGTC-1",12.4123164780163
"CAGCTAAGTCTCACCT-1",0
"CAGCTAAGTTCGTCTC-1",0
"CAGCTAATCCACGCAG-1",14.6616790542133
"CAGCTAATCCCTAACC-1",18.817869111371
"CAGCTAATCTGGTTCC-1",20.3221424646861
"CAGCTAATCTTAGCCC-1",17.6942769871924
"CAGCTAATCTTCGGTC-1",14.2011878277741
"CAGCTGGAGACACTAA-1",16.0056192619822
"CAGCTGGAGATCCTGT-1",0
"CAGCTGGCACCAACCG-1",13.643020884125
"CAGCTGGCAGTGGAGT-1",19.7659873229375
"CAGCTGGCATGCATGT-1",0
"CAGCTGGTCTACCTGC-1",0
"CAGGTGCAGAGACGAA-1",17.089244696173
"CAGGTGCAGATCCTGT-1",15.179701809846
"CAGGTGCAGGCATGTG-1",0
"CAGGTGCCAGGAACGT-1",16.5937075422701
"CAGGTGCCATAGTAAG-1",0
"CAGGTGCCATCGGAAG-1",0
"CAGGTGCTCAGTTGAC-1",0
"CAGGTGCTCCAAGTAC-1",17.9285298545626
"CAGGTGCTCTTGTATC-1",0
"CAGTAACAGATATGGT-1",0
"CAGTAACAGATGGCGT-1",0
"CAGTAACCAATCACAC-1",25.3753974489706
"CAGTAACCACTCGACG-1",0
"CAGTAACGTGATAAGT-1",0
"CAGTAACGTGCACCAC-1",0
"CAGTAACTCAGAGGTG-1",0
"CAGTAACTCGTACGGC-1",0
"CAGTAACTCGTGACAT-1",0
"CAGTAACTCTGCCAGG-1",0
"CAGTCCTAGAATCTCC-1",0
"CAGTCCTAGATCTGCT-1",0
"CAGTCCTCAGTATAAG-1",0
"CAGTCCTTCAACACGT-1",0
"CAGTCCTTCCATGAGT-1",0
"CAGTCCTTCCCGACTT-1",12.88954025986
"CAGTCCTTCCCTTGTG-1",0
"CAGTCCTTCGAACGGA-1",19.3664540426624
"CAGTCCTTCGGTTCGG-1",0
"CAGTCCTTCTACTTAC-1",0
"CATATGGAGAGATGAG-1",13.7319493896476
"CATATGGAGGCATGGT-1",0
"CATATGGAGTATTGGA-1",17.8830794219425
"CATATGGCAAGCGTAG-1",0
"CATATGGGTCGCATAT-1",16.7390927456478
"CATATGGTCATTATCC-1",0
"CATATGGTCATTGCGA-1",0
"CATATTCCACCACCAG-1",0
"CATATTCGTGACTACT-1",13.6864660507015
"CATATTCGTGGTACAG-1",15.9545348021175
"CATATTCGTGTGACGA-1",0
"CATATTCTCACAGGCC-1",14.180805282615
"CATATTCTCGCAAACT-1",16.7742778509028
"CATCAAGAGAACTCGG-1",0
"CATCAAGAGATGGCGT-1",15.9545348021175
"CATCAAGAGCCGCCTA-1",16.9631906945125
"CATCAAGCACGAAACG-1",16.1440232831511
"CATCAAGCAGCCTTTC-1",0
"CATCAAGCATGGAATA-1",0
"CATCAAGGTTACTGAC-1",0
"CATCAAGGTTCCATGA-1",0
"CATCAAGTCTAAGCCA-1",0
"CATCAAGTCTGACCTC-1",0
"CATCAGAAGCTAGTCT-1",0
"CATCAGACAAGCCATT-1",0
"CATCAGACAATGACCT-1",0
"CATCAGACACGGCCAT-1",13.9357422737542
"CATCAGACAGACAGGT-1",18.0128925939808
"CATCAGACATAACCTG-1",12.7922110457526
"CATCAGAGTAATTGGA-1",0
"CATCAGAGTACATGTC-1",12.8921767834851
"CATCAGAGTGTTAAGA-1",0
"CATCAGAGTTCAACCA-1",13.5495762859396
"CATCAGATCGTTGACA-1",11.9476479560247
"CATCCACGTAAAGTCA-1",16.3848843267628
"CATCCACGTACCGTAT-1",0
"CATCCACGTGCCTGTG-1",23.8025438311026
"CATCCACGTTTAAGCC-1",14.8429347533913
"CATCGAAAGAGTACAT-1",13.0157167330767
"CATCGAAAGCTGTCTA-1",13.5495762859396
"CATCGAACAAGAGGCT-1",21.1215909469407
"CATCGAACAAGCTGAG-1",13.7319493896476
"CATCGAACACATTTCT-1",0
"CATCGAACATAAAGGT-1",16.0989654555438
"CATCGAAGTAGTACCT-1",0
"CATCGAAGTCCGACGT-1",22.0250510439287
"CATCGAAGTGCACTTA-1",16.1259456653195
"CATCGAATCAAACCAC-1",16.4023975176093
"CATCGAATCCGCGGTA-1",12.7916237267534
"CATCGAATCCGTAGTA-1",0
"CATCGGGAGAAGCCCA-1",0
"CATCGGGAGCGAGAAA-1",0
"CATCGGGAGGGTGTGT-1",12.6225787625619
"CATCGGGAGGTGTTAA-1",0
"CATCGGGAGTGACTCT-1",0
"CATCGGGCACTCAGGC-1",13.6864122623076
"CATCGGGCAGACGCTC-1",0
"CATCGGGCATCACAAC-1",0
"CATCGGGGTCCTCTTG-1",12.0554974460616
"CATCGGGGTGAGGGAG-1",14.078081017456
"CATCGGGGTTCGAATC-1",0
"CATCGGGTCAGGATCT-1",15.5156305975412
"CATCGGGTCCACGAAT-1",0
"CATCGGGTCGATGAGG-1",15.3465918210626
"CATGACAAGACCACGA-1",0
"CATGACAAGCTCCTCT-1",0
"CATGACAAGTAACCCT-1",19.3664540426624
"CATGACAAGTATCTCG-1",18.5489002257572
"CATGACAGTCGTCTTC-1",0
"CATGACAGTGAACCTT-1",14.6249712514664
"CATGACATCAATAAGG-1",0
"CATGACATCTAACTGG-1",18.1465434832494
"CATGCCTAGACCTAGG-1",0
"CATGCCTAGAGTCTGG-1",0
"CATGCCTCACCACCAG-1",0
"CATGCCTGTCAAAGCG-1",0
"CATGCCTGTCGATTGT-1",12.7261581275892
"CATGCCTTCCACGACG-1",0
"CATGCCTTCCTCATTA-1",14.9900577807734
"CATGCCTTCGCATGAT-1",0
"CATGGCGAGAGCTGGT-1",17.9109128271937
"CATGGCGAGTACGACG-1",0
"CATGGCGTCCAAAGTC-1",14.4989264879985
"CATGGCGTCCCTTGTG-1",0
"CATGGCGTCGGCCGAT-1",0
"CATGGCGTCTCAAACG-1",12.88954025986
"CATGGCGTCTGCCCTA-1",13.4062829559946
"CATTATCAGACCCACC-1",0
"CATTATCAGTCCCACG-1",0
"CATTATCCAAGTCTGT-1",12.0554974460616
"CATTATCCAGGGCATA-1",15.3644477767363
"CATTATCGTCAATGTC-1",16.0036678750467
"CATTATCTCACAAACC-1",16.4023975176093
"CATTATCTCAGATAAG-1",14.6616790542133
"CATTATCTCGCGTTTC-1",0
"CATTATCTCGTTGCCT-1",21.9159855265739
"CATTATCTCTATCCCG-1",0
"CATTATCTCTTAACCT-1",0
"CATTCGCAGGTGCTAG-1",16.9000681608465
"CATTCGCCAAGGGTCA-1",17.2564569964551
"CATTCGCCAGCCTATA-1",0
"CATTCGCCATACAGCT-1",12.673434723843
"CATTCGCCATGGATGG-1",0
"CATTCGCCATGTCTCC-1",0
"CATTCGCCATTCACTT-1",12.0893629349967
"CATTCGCGTAGCACGA-1",0
"CATTCGCTCATCACCC-1",0
"CCAATCCAGACCACGA-1",0
"CCAATCCAGATATGGT-1",19.3664540426624
"CCAATCCAGTCGAGTG-1",0
"CCAATCCAGTCGTTTG-1",0
"CCAATCCAGTTTAGGA-1",0
"CCAATCCCAAGCGAGT-1",12.6322620715128
"CCAATCCTCGGACAAG-1",0
"CCACCTAAGGATGGTC-1",14.0906168283896
"CCACCTAAGTCGAGTG-1",18.6106312313932
"CCACCTAAGTGGGATC-1",0
"CCACCTAAGTGTGGCA-1",12.0042636145505
"CCACCTACAACAACCT-1",16.9698609232355
"CCACCTACAAGCCGCT-1",0
"CCACCTACAATCTACG-1",12.4123164780163
"CCACCTAGTAGTACCT-1",12.88954025986
"CCACCTAGTCGCGTGT-1",0
"CCACCTAGTGGGTCAA-1",11.966762899666
"CCACCTATCAGTTGAC-1",0
"CCACCTATCTGATACG-1",14.2321306458366
"CCACGGAAGGGAACGG-1",0
"CCACGGACATGTCGAT-1",0
"CCACGGAGTAAGGGCT-1",16.7043028204732
"CCACGGAGTCAGATAA-1",0
"CCACGGAGTCCGTGAC-1",13.0157167330767
"CCACGGAGTGTAATGA-1",11.9946073905911
"CCACGGAGTTCTGAAC-1",18.0128925939808
"CCACGGATCACATAGC-1",0
"CCACGGATCCACGTGG-1",0
"CCACGGATCTACTATC-1",0
"CCACGGATCTAGAGTC-1",0
"CCACTACAGAGTACCG-1",0
"CCACTACAGCTTTGGT-1",0
"CCACTACCAGCAGTTT-1",23.0387560767056
"CCACTACCAGTAGAGC-1",0
"CCACTACGTCCGAATT-1",13.8151404032605
"CCACTACGTCTCAACA-1",22.0250510439287
"CCACTACGTGACAAAT-1",16.9201282321344
"CCACTACGTGACCAAG-1",12.0042636145505
"CCACTACGTGCACGAA-1",0
"CCACTACTCACTCTTA-1",0
"CCACTACTCCGCATCT-1",0
"CCACTACTCGGAAATA-1",14.9940998294536
"CCACTACTCTCGTATT-1",0
"CCACTACTCTCGTTTA-1",0
"CCAGCGAAGCCCAACC-1",12.9326814662775
"CCAGCGACATCGGGTC-1",17.0381645796608
"CCAGCGACATGTCCTC-1",14.5168307035977
"CCAGCGAGTAGGCATG-1",0
"CCAGCGAGTCCGTTAA-1",18.2890445377948
"CCAGCGATCAGAAATG-1",0
"CCATGTCAGCGATCCC-1",0
"CCATGTCAGGTCGGAT-1",0
"CCATGTCAGGTTACCT-1",13.4040133914113
"CCATGTCCAAGCTGGA-1",13.8151404032605
"CCATGTCCACATCCGG-1",0
"CCATGTCGTCCAGTAT-1",15.0004690485041
"CCATGTCTCCAAGTAC-1",0
"CCATGTCTCTTGTATC-1",0
"CCATTCGCAGTACACT-1",24.2118909548951
"CCATTCGCAGTTTACG-1",0
"CCATTCGGTAATCGTC-1",0
"CCATTCGGTATTACCG-1",12.8337550554174
"CCCAATCAGTCACGCC-1",0
"CCCAATCCAGGTGGAT-1",0
"CCCAATCGTGAAGGCT-1",0
"CCCAATCGTTGGAGGT-1",0
"CCCAATCTCACATGCA-1",0
"CCCAATCTCCAGTATG-1",0
"CCCAATCTCGGAGCAA-1",16.133896221106
"CCCAGTTAGAATAGGG-1",22.1650784894733
"CCCAGTTAGATCCCGC-1",16.5134965155266
"CCCAGTTAGCGTGAAC-1",0
"CCCAGTTAGGAATCGC-1",0
"CCCAGTTAGTCCGGTC-1",12.0554974460616
"CCCAGTTAGTTTGCGT-1",0
"CCCAGTTGTACATGTC-1",0
"CCCAGTTGTCTGCAAT-1",12.2531658042626
"CCCAGTTTCTGAAAGA-1",12.1046688769676
"CCCATACAGGGTTCCC-1",0
"CCCATACAGTGTTTGC-1",13.188330666905
"CCCATACCAAAGGTGC-1",0
"CCCATACCAACACCCG-1",0
"CCCATACCAGCAGTTT-1",12.9326814662775
"CCCATACGTATTACCG-1",18.0974631300968
"CCCATACGTCAATACC-1",0
"CCCATACGTCTAGTCA-1",0
"CCCATACGTTGAGTTC-1",0
"CCCATACTCAATAAGG-1",12.2109853699819
"CCCATACTCAGCGACC-1",0
"CCCATACTCATCACCC-1",18.9343570449203
"CCCATACTCCGTAGGC-1",15.9548561183583
"CCCTCCTAGGAATCGC-1",23.8025438311026
"CCCTCCTCAGCTTAAC-1",0
"CCCTCCTCATATGAGA-1",15.4129202524493
"CCCTCCTCATCACGTA-1",17.6942769871924
"CCCTCCTGTATGGTTC-1",15.1983005427252
"CCCTCCTGTTAGATGA-1",17.089244696173
"CCCTCCTTCAATCACG-1",0
"CCCTCCTTCCGCAGTG-1",0
"CCGGGATAGCTTCGCG-1",0
"CCGGGATAGGCGACAT-1",0
"CCGGGATAGGCTAGGT-1",0
"CCGGGATCACAGTCGC-1",16.8781021440033
"CCGGGATGTATAGGTA-1",0
"CCGGGATTCAGAGCTT-1",13.6886092692124
"CCGGGATTCGCTAGCG-1",11.9458807945713
"CCGGGATTCGCTTGTC-1",12.5936730211973
"CCGGTAGAGCGTCTAT-1",0
"CCGGTAGAGTACGCCC-1",0
"CCGGTAGCACATAACC-1",19.3540810823572
"CCGGTAGCACGCATCG-1",16.7172651453059
"CCGGTAGGTACTTCTT-1",0
"CCGGTAGGTCAAACTC-1",13.4308679684863
"CCGGTAGTCGTCCGTT-1",0
"CCGTACTAGAGAACAG-1",0
"CCGTACTAGTCCGTAT-1",18.9343570449203
"CCGTACTCAAGCCCAC-1",21.2790775229501
"CCGTACTCAAGCGAGT-1",17.7887771688115
"CCGTACTCATCCCACT-1",11.966762899666
"CCGTACTGTACAGCAG-1",0
"CCGTACTGTGCGGTAA-1",12.3113721612095
"CCGTACTTCGTTACAG-1",16.9656474397912
"CCGTGGAAGACGCACA-1",14.9634257785846
"CCGTGGAAGAGTTGGC-1",0
"CCGTGGAAGGTGATAT-1",13.1352180548438
"CCGTGGAAGGTTCCTA-1",13.4996258817302
"CCGTGGACAGCCTTGG-1",0
"CCGTGGAGTTCCATGA-1",0
"CCGTGGATCTAACTTC-1",0
"CCGTTCAAGCGTAATA-1",19.9066191360715
"CCGTTCAAGTACGATA-1",18.6135122437254
"CCGTTCAAGTAGATGT-1",0
"CCGTTCACAGGATCGA-1",13.5454178692726
"CCGTTCAGTATAGGGC-1",13.6675220363137
"CCGTTCAGTCGCGAAA-1",0
"CCGTTCATCGTACCGG-1",0
"CCTAAAGAGAGTTGGC-1",13.9332934012632
"CCTAAAGCAAACCTAC-1",0
"CCTAAAGCATGTCTCC-1",0
"CCTAAAGGTACTCAAC-1",15.1983005427252
"CCTAAAGGTCGGCACT-1",14.0035928107544
"CCTAAAGGTGTAATGA-1",17.0381645796608
"CCTAAAGTCACCGTAA-1",0
"CCTAAAGTCAGCGATT-1",0
"CCTAAAGTCGGCGCTA-1",0
"CCTAAAGTCGGTCCGA-1",12.8921767834851
"CCTACACAGGACCACA-1",0
"CCTACACAGGGTGTTG-1",19.5046162937234
"CCTACACCAGTAAGAT-1",0
"CCTACACGTATAGTAG-1",0
"CCTACACGTCCGAACC-1",13.9907479342972
"CCTACACGTGGGTCAA-1",0
"CCTACACGTTTGACTG-1",12.8190378538932
"CCTACACTCGGCGCTA-1",0
"CCTACACTCGTGACAT-1",18.7534678083598
"CCTACCAAGATAGGAG-1",0
"CCTACCAAGCAAATCA-1",0
"CCTACCAAGCGTAGTG-1",0
"CCTACCAAGTGCGATG-1",0
"CCTACCAGTATCAGTC-1",0
"CCTACCAGTCTCTCTG-1",0
"CCTACCAGTCTTTCAT-1",0
"CCTACCATCAGCACAT-1",17.8301815584242
"CCTACCATCGCCAGCA-1",0
"CCTAGCTAGCAAATCA-1",0
"CCTAGCTAGCTCCTCT-1",13.8151404032605
"CCTAGCTAGGTTACCT-1",14.8634708027362
"CCTAGCTAGTACGCGA-1",16.9698609232355
"CCTAGCTCAATGAATG-1",0
"CCTAGCTCAATGGTCT-1",0
"CCTAGCTCACATCCAA-1",19.2415384787665
"CCTAGCTCAGCCAGAA-1",13.6913909461597
"CCTAGCTGTAGAAAGG-1",13.2675235566373
"CCTAGCTGTCACCCAG-1",0
"CCTAGCTGTCTGATTG-1",12.3562299704031
"CCTAGCTTCACGATGT-1",0
"CCTAGCTTCGTAGGAG-1",17.6942769871924
"CCTATTAAGAATTCCC-1",13.9907479342972
"CCTATTAAGCAGGCTA-1",0
"CCTATTAAGCAGGTCA-1",13.8151404032605
"CCTATTAAGGGAGTAA-1",24.5654723805444
"CCTATTAAGGTAGCCA-1",0
"CCTATTACACAACTGT-1",19.9066191360715
"CCTATTACACATCCGG-1",0
"CCTATTAGTCAATACC-1",0
"CCTATTATCATCACCC-1",14.3044296306069
"CCTATTATCTGCGACG-1",12.0554974460616
"CCTCAGTAGCTAACTC-1",0
"CCTCAGTCAGGTGGAT-1",12.7626391794999
"CCTCAGTGTCCATCCT-1",0
"CCTCAGTGTCCGACGT-1",16.9985694454887
"CCTCAGTGTCTTGTCC-1",17.755333998338
"CCTCAGTGTGGGTATG-1",18.9343570449203
"CCTCTGAAGTATCGAA-1",0
"CCTCTGAAGTGGGTTG-1",17.4506755085898
"CCTCTGACAAGCTGTT-1",0
"CCTCTGACACCGATAT-1",0
"CCTCTGACAGATGAGC-1",15.0744327536786
"CCTCTGAGTCAATACC-1",13.1352180548438
"CCTCTGAGTCCGAACC-1",27.6563919124107
"CCTCTGAGTCGTGGCT-1",12.8787603239238
"CCTCTGAGTCTGATTG-1",0
"CCTTACGCAAGCGTAG-1",17.2553306430683
"CCTTACGCACCAACCG-1",0
"CCTTACGGTCATCCCT-1",0
"CCTTACGGTCCTCTTG-1",0
"CCTTACGTCACAACGT-1",0
"CCTTACGTCATCTGCC-1",20.5510061457403
"CCTTACGTCGGAGGTA-1",0
"CCTTCCCAGAGACTAT-1",15.1299024105341
"CCTTCCCAGCTAGGCA-1",0
"CCTTCCCAGGACGAAA-1",0
"CCTTCCCAGGGCATGT-1",0
"CCTTCCCAGGTACTCT-1",13.7319493896476
"CCTTCCCCATGATCCA-1",0
"CCTTCCCTCAAGGCTT-1",0
"CCTTCCCTCTATCCTA-1",12.2750055961892
"CCTTCCCTCTATCGCC-1",0
"CCTTCGAAGGCGCTCT-1",0
"CCTTCGACAACACCCG-1",11.9946073905911
"CCTTCGACAGCGATCC-1",17.4140515260551
"CCTTCGAGTAAGCACG-1",0
"CCTTCGAGTCCATGAT-1",19.9066191360715
"CCTTCGAGTGTGACCC-1",18.0128925939808
"CCTTCGAGTTGGTGGA-1",13.6886092692124
"CCTTCGATCACAGTAC-1",14.6249712514664
"CCTTCGATCCTATGTT-1",17.0381645796608
"CCTTCGATCGCACTCT-1",14.4989264879985
"CCTTTCTAGACGCTTT-1",14.660009939743
"CCTTTCTAGGGCACTA-1",0
"CCTTTCTAGTGGAGTC-1",0
"CCTTTCTCAGACAAGC-1",12.2490029302099
"CCTTTCTCATCACGAT-1",0
"CCTTTCTCATGCCCGA-1",17.2173613624784
"CCTTTCTTCCCACTTG-1",0
"CCTTTCTTCTTTACGT-1",0
"CGAACATCACATGACT-1",18.0974631300968
"CGAACATCACTTGGAT-1",0
"CGAACATCAGTCCTTC-1",13.4309775307703
"CGAACATGTCTGATTG-1",13.7388759947039
"CGAACATGTGCTGTAT-1",0
"CGAACATTCTCAAACG-1",15.087157047055
"CGAATGTAGAGGTTAT-1",0
"CGAATGTAGCGATAGC-1",12.3113721612095
"CGAATGTAGTTCGCAT-1",12.6387064118119
"CGAATGTCAATGCCAT-1",0
"CGAATGTGTCTAGTCA-1",0
"CGAATGTGTCTCACCT-1",13.495919358392
"CGAATGTTCAACACAC-1",0
"CGAATGTTCATCACCC-1",12.6225787625619
"CGAATGTTCTGTACGA-1",0
"CGACCTTAGCTACCGC-1",12.8190378538932
"CGACCTTAGCTAGTCT-1",0
"CGACCTTCAAAGTGCG-1",12.0666818726274
"CGACCTTCACGAAATA-1",0
"CGACCTTGTAAGTGTA-1",0
"CGACCTTGTCAGAATA-1",0
"CGACCTTGTCTCCCTA-1",19.9913277291725
"CGACCTTGTCTCTTAT-1",0
"CGACCTTTCCGCGTTT-1",0
"CGACCTTTCGTTTATC-1",0
"CGACCTTTCTCCAGGG-1",17.0333304913014
"CGACTTCAGACACGAC-1",18.0974631300968
"CGACTTCAGGTAGCCA-1",0
"CGACTTCAGTCTTGCA-1",0
"CGACTTCCAATGGACG-1",13.8151404032605
"CGACTTCGTGGTGTAG-1",14.6647180304775
"CGACTTCGTTGAGTTC-1",17.3569585966825
"CGACTTCTCACTTACT-1",14.8232300689552
"CGACTTCTCTCGCTTG-1",0
"CGAGAAGAGAAACGCC-1",0
"CGAGAAGAGCCAACAG-1",0
"CGAGAAGAGCGTGTCC-1",19.5913751446537
"CGAGAAGCAAGTTCTG-1",0
"CGAGAAGCACATCCGG-1",13.6886092692124
"CGAGAAGCAGGCTGAA-1",22.0250510439287
"CGAGAAGTCGGATGGA-1",0
"CGAGCACAGCCAGAAC-1",0
"CGAGCACCACATGTGT-1",0
"CGAGCACGTAGCGTCC-1",0
"CGAGCACGTAGCGTGA-1",15.9548561183583
"CGAGCACGTCAGATAA-1",0
"CGAGCACGTGCCTTGG-1",16.9788141395086
"CGAGCACTCCCGGATG-1",16.4023975176093
"CGAGCACTCCGCTGTT-1",13.7388759947039
"CGAGCACTCGTGACAT-1",16.9698609232355
"CGAGCCAAGCTAGCCC-1",0
"CGAGCCAGTATATCCG-1",13.6886092692124
"CGAGCCAGTCAAGCGA-1",0
"CGATCGGAGAGCCTAG-1",13.0157167330767
"CGATCGGAGTACGATA-1",18.6106312313932
"CGATCGGCAAACGCGA-1",14.23603426635
"CGATCGGCAAGCGATG-1",19.081952339127
"CGATCGGCAATACGCT-1",0
"CGATCGGCAGTTAACC-1",15.1983005427252
"CGATCGGCATACTCTT-1",0
"CGATCGGGTCGACTGC-1",20.2105664471322
"CGATCGGTCAACGGGA-1",0
"CGATCGGTCTAGCACA-1",14.1119679576302
"CGATGGCAGCCGTCGT-1",0
"CGATGGCAGTCCAGGA-1",0
"CGATGGCCACTTAACG-1",12.1071368161464
"CGATGGCCAGCGTAAG-1",15.1299024105341
"CGATGGCCATCATCCC-1",0
"CGATGGCTCCTAGAAC-1",0
"CGATGGCTCGCTAGCG-1",14.3179070649766
"CGATGGCTCTGACCTC-1",0
"CGATGTAAGGCAATTA-1",20.9261127492703
"CGATGTAAGTTTGCGT-1",16.7390927456478
"CGATGTACACAGGCCT-1",22.0098618029405
"CGATGTACAGGTCTCG-1",13.6315705708735
"CGATGTAGTCCAGTGC-1",0
"CGATGTAGTCTAGGTT-1",13.8119627239848
"CGATGTAGTGTGCCTG-1",0
"CGATGTAGTTTGCATG-1",0
"CGATTGAAGATGTGGC-1",0
"CGATTGACAGACGCAA-1",17.155568368993
"CGATTGAGTATGGTTC-1",0
"CGATTGAGTTCAGACT-1",12.0042636145505
"CGATTGATCATGGTCA-1",0
"CGATTGATCTGCGGCA-1",0
"CGCCAAGAGAATGTTG-1",0
"CGCCAAGAGACCTTTG-1",0
"CGCCAAGAGATCGGGT-1",12.8337550554174
"CGCCAAGAGATCTGAA-1",16.0036678750467
"CGCCAAGAGCGTGTCC-1",14.4593621858943
"CGCCAAGGTCTAGGTT-1",0
"CGCCAAGTCAGGATCT-1",0
"CGCCAAGTCCACTCCA-1",14.2011878277741
"CGCCAAGTCTTGTTTG-1",0
"CGCGGTAAGCTAGCCC-1",16.0671398659629
"CGCGGTAAGGGTTCCC-1",0
"CGCGGTACAAACTGCT-1",18.6106312313932
"CGCGGTACAATGGAAT-1",0
"CGCGGTACAGCTGTTA-1",0
"CGCGGTAGTCAAGCGA-1",0
"CGCGGTAGTGAGGCTA-1",13.3173524031846
"CGCGGTAGTTTGCATG-1",0
"CGCGTTTAGTTATCGC-1",0
"CGCGTTTCAACAACCT-1",13.9128828633499
"CGCGTTTCAAGCGAGT-1",24.3385532856185
"CGCGTTTCAATGGACG-1",0
"CGCGTTTCACGGTGTC-1",15.6695547287161
"CGCGTTTGTGCTGTAT-1",15.4958051532974
"CGCGTTTGTGGACGAT-1",22.2244523037737
"CGCGTTTTCAAACCGT-1",0
"CGCGTTTTCAGCCTAA-1",0
"CGCGTTTTCCTATGTT-1",0
"CGCGTTTTCGTGGTCG-1",13.0995483006307
"CGCTATCAGAAACCGC-1",0
"CGCTATCAGTCATCCA-1",14.73182748004
"CGCTATCCAAGCGAGT-1",14.0035928107544
"CGCTATCCAGTCGATT-1",0
"CGCTATCCATCGACGC-1",22.459833939446
"CGCTATCCATTTCAGG-1",14.6616790542133
"CGCTATCGTACCGAGA-1",18.5776316589072
"CGCTATCGTTCGAATC-1",22.5044319159656
"CGCTATCGTTTCGCTC-1",19.3664540426624
"CGCTATCTCGTTACAG-1",0
"CGCTGGAAGGACATTA-1",15.8931304721761
"CGCTGGAAGGGCACTA-1",13.8456902584382
"CGCTGGAAGGTGATAT-1",0
"CGCTGGACAGACTCGC-1",12.0712194275776
"CGCTGGAGTGTAATGA-1",0
"CGCTGGAGTTCTGGTA-1",0
"CGCTGGATCCGAAGAG-1",0
"CGCTGGATCCGTTGCT-1",0
"CGCTGGATCGTAGGAG-1",0
"CGCTGGATCGTTACAG-1",13.7388759947039
"CGCTTCAAGAAGGGTA-1",0
"CGCTTCAAGGTCGGAT-1",0
"CGCTTCACACGGTGTC-1",12.0909081626746
"CGCTTCACAGACAAGC-1",14.6616790542134
"CGCTTCACATCACCCT-1",14.8232300689552
"CGCTTCAGTCGCGGTT-1",13.4996258817302
"CGCTTCATCTTAGAGC-1",14.2618045222524
"CGGACACAGCGATATA-1",0
"CGGACACAGCGATGAC-1",20.4701045652204
"CGGACACAGCTTCGCG-1",0
"CGGACACAGGTAAACT-1",0
"CGGACACAGTAGCCGA-1",0
"CGGACACCACAGGAGT-1",12.7916237267534
"CGGACACCATTCACTT-1",0
"CGGACACGTGAGCGAT-1",0
"CGGACACGTGCTCTTC-1",0
"CGGACACGTGTGACCC-1",0
"CGGACGTAGGTTACCT-1",14.3044296306069
"CGGACGTCATGGGACA-1",12.0666818726274
"CGGACGTGTGAAAGAG-1",0
"CGGACGTGTTGGTAAA-1",0
"CGGACGTTCATGTGGT-1",12.0042636145505
"CGGACGTTCTGTCCGT-1",0
"CGGACTGAGGAGCGAG-1",0
"CGGACTGAGGAGTCTG-1",13.4309775307703
"CGGACTGAGTGGTAGC-1",0
"CGGACTGCAACTTGAC-1",24.5654723805444
"CGGACTGCAATGACCT-1",16.9698609232355
"CGGACTGCACAACGTT-1",19.3540810823572
"CGGACTGCACGCCAGT-1",0
"CGGACTGCAGTATGCT-1",0
"CGGACTGGTAAAGGAG-1",0
"CGGACTGGTATAAACG-1",0
"CGGACTGGTGTAAGTA-1",19.1853291460388
"CGGACTGGTGTGGTTT-1",0
"CGGACTGGTTGACGTT-1",0
"CGGACTGTCCATGCTC-1",16.3887682181723
"CGGACTGTCCGTCAAA-1",0
"CGGACTGTCGTTTGCC-1",0
"CGGAGCTAGTTTAGGA-1",12.7626391794999
"CGGAGCTGTAGAAAGG-1",24.3385532856185
"CGGAGCTTCACTTATC-1",18.1351692567295
"CGGAGCTTCATGTAGC-1",13.256521818935
"CGGAGCTTCCACGAAT-1",0
"CGGAGTCAGTGCGATG-1",22.2244523037737
"CGGAGTCAGTGTGAAT-1",13.7319493896476
"CGGAGTCCAGTGGGAT-1",0
"CGGAGTCCATTATCTC-1",14.2882014669379
"CGGAGTCGTAGCTGCC-1",0
"CGGAGTCGTGTTCGAT-1",0
"CGGAGTCTCCCAGGTG-1",0
"CGGAGTCTCCGTAGTA-1",0
"CGGCTAGAGAAACGCC-1",20.8577674218327
"CGGCTAGAGCACCGTC-1",0
"CGGCTAGAGCTAAACA-1",0
"CGGCTAGCAGACAAAT-1",0
"CGGCTAGGTAACGCGA-1",0
"CGGCTAGGTTCATGGT-1",0
"CGGCTAGTCAAAGACA-1",0
"CGGCTAGTCGTGGGAA-1",13.643020884125
"CGGCTAGTCTTGTTTG-1",0
"CGGGTCAAGAGTCGGT-1",15.3092319919461
"CGGGTCAAGCACACAG-1",0
"CGGGTCAAGCTAACTC-1",0
"CGGGTCAAGGACACCA-1",0
"CGGGTCAAGTATGACA-1",0
"CGGGTCACAATGACCT-1",13.4040133914113
"CGGGTCACACCGAAAG-1",0
"CGGGTCACAGCCACCA-1",0
"CGGGTCACATACAGCT-1",0
"CGGGTCACATCCTTGC-1",20.8577674218327
"CGGGTCAGTAGCGCTC-1",14.5014836679789
"CGGGTCAGTCGATTGT-1",12.8921767834851
"CGGGTCAGTGCAACTT-1",0
"CGGGTCAGTTGTTTGG-1",20.4701045652204
"CGGGTCATCAACACCA-1",16.8876581553245
"CGGGTCATCACCTTAT-1",15.4235212521576
"CGGGTCATCCACGACG-1",15.5497423460182
"CGGTTAACAGGACCCT-1",0
"CGGTTAACATGTCCTC-1",0
"CGGTTAACATTCCTGC-1",0
"CGGTTAAGTCGACTGC-1",13.1287593048513
"CGGTTAATCCGGCACA-1",13.4309775307703
"CGGTTAATCCTTTCGG-1",12.4123164780163
"CGGTTAATCTTATCTG-1",17.2564569964551
"CGTAGCGAGATGTAAC-1",16.9201282321344
"CGTAGCGAGGCAATTA-1",12.6225787625619
"CGTAGCGCAAGCGCTC-1",0
"CGTAGCGTCCAACCAA-1",0
"CGTAGCGTCGGCGGTT-1",0
"CGTAGGCAGGGCTCTC-1",0
"CGTAGGCCAAGCGATG-1",14.5014836679789
"CGTAGGCCACTAAGTC-1",0
"CGTAGGCCAGAGTGTG-1",0
"CGTAGGCCATCCCATC-1",16.8876581553245
"CGTAGGCGTATTAGCC-1",12.5265314382573
"CGTAGGCGTCAATACC-1",0
"CGTAGGCGTGGCGAAT-1",11.9476479560247
"CGTAGGCTCCAGAAGG-1",0
"CGTCACTAGTCATGCT-1",0
"CGTCACTCAAAGCGGT-1",0
"CGTCACTCAGGTCCAC-1",0
"CGTCACTCAGTCACTA-1",18.0128925939808
"CGTCACTTCCTTGACC-1",0
"CGTCACTTCGGTGTTA-1",11.966762899666
"CGTCACTTCTGTGCAA-1",16.9788141395086
"CGTCACTTCTTGAGAC-1",16.340251097438
"CGTCAGGAGCTGTTCA-1",18.0128925939808
"CGTCAGGCAAAGCAAT-1",0
"CGTCAGGCAAAGCGGT-1",12.1046688769676
"CGTCAGGCAACACGCC-1",0
"CGTCAGGCATCCGCGA-1",0
"CGTCAGGGTCAGCTAT-1",0
"CGTCAGGGTCGTTGTA-1",0
"CGTCAGGGTGTAAGTA-1",0
"CGTCAGGTCCACTGGG-1",0
"CGTCAGGTCGACAGCC-1",0
"CGTCAGGTCGGGAGTA-1",14.5014836679789
"CGTCCATAGACCACGA-1",17.8638645698855
"CGTCCATAGCGATTCT-1",0
"CGTCCATAGGCTATCT-1",0
"CGTCCATAGTCTCAAC-1",0
"CGTCCATCACGACTCG-1",0
"CGTCCATCATTCACTT-1",0
"CGTCCATGTCTAGCGC-1",19.2195624645381
"CGTCCATGTGATAAAC-1",0
"CGTCCATGTTTGGGCC-1",12.4123164780163
"CGTCCATGTTTGTGTG-1",0
"CGTCCATTCAACACCA-1",18.9343570449203
"CGTCCATTCATTCACT-1",15.3644477767363
"CGTCTACAGTGCGTGA-1",0
"CGTCTACGTAGTAGTA-1",0
"CGTCTACTCGAGCCCA-1",12.8921767834851
"CGTCTACTCGCCATAA-1",12.88954025986
"CGTCTACTCGGCCGAT-1",12.2531658042626
"CGTCTACTCGTCCAGG-1",0
"CGTGAGCAGATCTGAA-1",14.003074273301
"CGTGAGCAGCAATCTC-1",0
"CGTGAGCAGCGGATCA-1",0
"CGTGAGCAGCTAGTGG-1",13.4996258817302
"CGTGAGCAGCTTCGCG-1",0
"CGTGAGCAGGGCACTA-1",0
"CGTGAGCAGGGTGTGT-1",12.3113721612095
"CGTGAGCAGTGGAGAA-1",0
"CGTGAGCCAAGCCGCT-1",16.3887682181723
"CGTGAGCCACGTAAGG-1",0
"CGTGAGCCATACGCCG-1",13.643020884125
"CGTGAGCGTAGATTAG-1",16.7390927456478
"CGTGAGCGTCTCTTAT-1",15.0775914637112
"CGTGAGCTCACAAACC-1",16.2554687138522
"CGTGAGCTCCAAATGC-1",0
"CGTGAGCTCCGAGCCA-1",15.179701809846
"CGTGAGCTCGTTGCCT-1",0
"CGTGAGCTCTGGGCCA-1",0
"CGTGTAAAGATAGTCA-1",0
"CGTGTAAAGGTGTTAA-1",0
"CGTGTAAAGTACATGA-1",0
"CGTGTAACATGGGACA-1",0
"CGTGTAAGTGTCTGAT-1",0
"CGTGTAATCTACTATC-1",0
"CGTGTAATCTCGATGA-1",14.8704188210281
"CGTGTAATCTTTAGTC-1",14.146667432331
"CGTGTCTAGGCGCTCT-1",19.2195624645381
"CGTGTCTAGGGATGGG-1",17.9833385561725
"CGTGTCTCAGACAAAT-1",0
"CGTGTCTCAGACACTT-1",12.1872417932478
"CGTGTCTGTAAGAGGA-1",13.7078749330362
"CGTGTCTGTATATGAG-1",13.6886092692124
"CGTGTCTGTCAAAGCG-1",12.9258228308608
"CGTGTCTGTTCCGTCT-1",12.0042636145505
"CGTGTCTTCAATCACG-1",16.7795324751509
"CGTGTCTTCAGAGGTG-1",11.9502045723242
"CGTGTCTTCATAGCAC-1",0
"CGTGTCTTCCGAACGC-1",0
"CGTGTCTTCGGCATCG-1",16.2124058316146
"CGTGTCTTCGTGGACC-1",0
"CGTGTCTTCTACTTAC-1",0
"CGTGTCTTCTGAGTGT-1",19.3664540426624
"CGTTAGAAGATCTGAA-1",12.7922110457526
"CGTTAGAAGGCCCTTG-1",0
"CGTTAGACACGAAAGC-1",0
"CGTTAGACAGCTTCGG-1",0
"CGTTAGAGTTTAAGCC-1",0
"CGTTAGATCACTTATC-1",13.3085558092503
"CGTTAGATCAGCCTAA-1",15.4145612053797
"CGTTCTGAGAAGGGTA-1",0
"CGTTCTGAGTGAACAT-1",0
"CGTTCTGCAGCTCGCA-1",13.6864122623076
"CGTTCTGCATTGGCGC-1",13.2482037805714
"CGTTCTGGTGAGGGTT-1",17.0381645796608
"CGTTCTGTCTGATTCT-1",18.9343570449203
"CGTTGGGAGCTAGTTC-1",0
"CGTTGGGAGGATGCGT-1",0
"CGTTGGGCACATTAGC-1",11.966762899666
"CGTTGGGCAGACAGGT-1",0
"CGTTGGGGTTCCCGAG-1",0
"CGTTGGGTCATGCTCC-1",0
"CGTTGGGTCCATGAAC-1",24.2829208676832
"CGTTGGGTCTACCAGA-1",14.180805282615
"CTAACTTAGTCCTCCT-1",15.4518760566671
"CTAACTTCAATAGCAA-1",0
"CTAACTTCAATCGGTT-1",22.88195236342
"CTAACTTGTGAGGCTA-1",15.9545348021175
"CTAACTTTCGTACGGC-1",0
"CTAACTTTCTGGCGTG-1",18.9343570449203
"CTAAGACAGGGAAACA-1",0
"CTAAGACAGTACATGA-1",0
"CTAAGACAGTTCGCGC-1",21.2333493128831
"CTAAGACCAAGTAATG-1",0
"CTAAGACCAGTAAGAT-1",0
"CTAAGACCATGCAATC-1",16.7390927456478
"CTAAGACGTAAGGATT-1",0
"CTAAGACGTATCAGTC-1",0
"CTAAGACGTCACCTAA-1",14.0176358943412
"CTAAGACTCGTTGCCT-1",13.4996258817302
"CTAAGACTCTTACCGC-1",0
"CTAAGACTCTTGAGGT-1",13.643020884125
"CTAATGGAGCAATCTC-1",0
"CTAATGGAGCGCTCCA-1",15.0744327536786
"CTAATGGAGCTCCCAG-1",12.8337550554174
"CTAATGGAGCTGAAAT-1",20.1639931792197
"CTAATGGAGTTAGGTA-1",12.1300370400094
"CTAATGGCATGGAATA-1",12.1046688769676
"CTAATGGGTACCGCTG-1",19.9066191360715
"CTAATGGGTCTAGCGC-1",0
"CTAATGGGTGAGGGAG-1",0
"CTAATGGGTTGGTGGA-1",0
"CTAATGGTCATGCTCC-1",13.3511823556699
"CTAATGGTCCACTGGG-1",0
"CTAATGGTCCGTTGCT-1",0
"CTAATGGTCCTAGAAC-1",0
"CTACACCAGTGCGATG-1",12.6844143094248
"CTACACCCACGGACAA-1",0
"CTACACCGTAATAGCA-1",15.4129202524493
"CTACACCGTCTGATTG-1",0
"CTACACCGTTCGTCTC-1",17.0381645796608
"CTACACCTCAGAAATG-1",0
"CTACACCTCGGCTTGG-1",16.6341123123308
"CTACACCTCGGTCCGA-1",0
"CTACACCTCTCGCATC-1",19.5913751446537
"CTACACCTCTCTGCTG-1",14.8232300689552
"CTACATTAGATCACGG-1",0
"CTACATTCACTCGACG-1",0
"CTACATTCATTTCACT-1",14.8232300689552
"CTACATTGTGATGATA-1",0
"CTACATTGTTCGAATC-1",0
"CTACATTTCAACGCTA-1",13.1465986075104
"CTACATTTCGCCATAA-1",0
"CTACATTTCTAGCACA-1",13.4866530062393
"CTACCCACACAGAGGT-1",13.7319493896476
"CTACCCACACGACGAA-1",0
"CTACCCACATGGTTGT-1",0
"CTACCCAGTATCTGCA-1",16.0036678750467
"CTACCCAGTATGAATG-1",13.7203704179109
"CTACCCAGTCAGAAGC-1",0
"CTACCCAGTGTGACCC-1",15.602336804015
"CTACCCAGTTATGTGC-1",0
"CTACCCATCTACGAGT-1",13.4811895052698
"CTACGTCAGGTGCAAC-1",13.8151404032605
"CTACGTCAGTGCGATG-1",13.6675220363137
"CTACGTCAGTTGTCGT-1",22.9292625346972
"CTACGTCCATATACCG-1",15.4145612053797
"CTACGTCGTATATGGA-1",24.0808923829031
"CTACGTCGTGTGGTTT-1",0
"CTACGTCTCAAAGTAG-1",11.9458807945713
"CTACGTCTCACGACTA-1",13.9907479342972
"CTACGTCTCACGGTTA-1",17.089244696173
"CTACGTCTCCTAGAAC-1",0
"CTAGAGTAGCTGTCTA-1",16.9201282321344
"CTAGAGTAGGATCGCA-1",15.459969371707
"CTAGAGTAGTCCATAC-1",12.7261581275892
"CTAGAGTCACATTAGC-1",13.1681566110149
"CTAGAGTCAGTATGCT-1",12.0666818726274
"CTAGAGTCATACTCTT-1",15.8018008249631
"CTAGAGTCATGTAAGA-1",0
"CTAGAGTGTGACCAAG-1",0
"CTAGAGTTCAACACCA-1",0
"CTAGAGTTCCGTCAAA-1",12.8337550554174
"CTAGAGTTCCTAAGTG-1",0
"CTAGAGTTCGCCAGCA-1",0
"CTAGAGTTCGCTTAGA-1",16.9788141395086
"CTAGAGTTCGTGACAT-1",0
"CTAGAGTTCTGATTCT-1",0
"CTAGCCTCACCAGATT-1",0
"CTAGCCTGTATATCCG-1",13.6675220363137
"CTAGCCTGTGATGCCC-1",17.8301815584242
"CTAGCCTTCGGGAGTA-1",20.9261127492703
"CTAGTGAAGCTGGAAC-1",0
"CTAGTGAAGTGTACCT-1",0
"CTAGTGACAAGTCTAC-1",0
"CTAGTGACAGGATCGA-1",13.4996258817302
"CTAGTGAGTTATGCGT-1",0
"CTAGTGATCAGTTGAC-1",14.2004160983036
"CTAGTGATCCAGTAGT-1",0
"CTCACACAGCTAAGAT-1",0
"CTCACACAGCTGCCCA-1",0
"CTCACACAGGATGCGT-1",12.5056792840503
"CTCACACCACGTAAGG-1",0
"CTCACACCACTGTTAG-1",0
"CTCACACCATATACGC-1",0
"CTCACACGTGCTGTAT-1",15.2005327499022
"CTCACACGTTCCATGA-1",0
"CTCACACGTTTGGGCC-1",0
"CTCACACTCACCGGGT-1",0
"CTCACACTCATCGGAT-1",20.7467872640679
"CTCACACTCCGCGCAA-1",0
"CTCACACTCTAACCGA-1",0
"CTCAGAAAGAGCTGCA-1",0
"CTCAGAAAGGAGTAGA-1",13.2648217737871
"CTCAGAACAACGCACC-1",0
"CTCAGAACAAGCGATG-1",0
"CTCAGAACAGGGCATA-1",13.9776223958617
"CTCAGAAGTGACGGTA-1",12.2374615348419
"CTCAGAATCTTAACCT-1",12.7261581275892
"CTCATTAAGAACTGTA-1",0
"CTCATTACATGGTCAT-1",0
"CTCATTAGTGTAACGG-1",17.155568368993
"CTCATTAGTTTACTCT-1",0
"CTCCTAGCAAGTACCT-1",0
"CTCCTAGCAATTCCTT-1",13.3591694674467
"CTCCTAGCACTGTCGG-1",0
"CTCCTAGCAGTCCTTC-1",13.3057315295186
"CTCCTAGCATAACCTG-1",0
"CTCCTAGCATGCGCAC-1",0
"CTCCTAGGTAGAAAGG-1",0
"CTCCTAGGTCCGAGTC-1",0
"CTCCTAGGTCTAGCCG-1",0
"CTCCTAGGTGTTTGTG-1",0
"CTCCTAGGTTCGTGAT-1",0
"CTCCTAGGTTGTTTGG-1",15.0099567349532
"CTCCTAGTCACTTACT-1",0
"CTCCTAGTCTCATTCA-1",0
"CTCGAAAAGCCCAACC-1",12.4089799940867
"CTCGAAAAGCTATGCT-1",18.3428289281099
"CTCGAAAAGGCCCTTG-1",15.1983005427252
"CTCGAAAAGGGCTTCC-1",11.9476479560247
"CTCGAAACAAGCCGTC-1",0
"CTCGAAACACATTAGC-1",13.3658034460812
"CTCGAAACACCGAAAG-1",14.838218845597
"CTCGAAACACGGCTAC-1",12.1046688769676
"CTCGAAACAGTAAGAT-1",0
"CTCGAGGAGCCATCGC-1",0
"CTCGAGGAGGGCTTCC-1",12.4336958453822
"CTCGAGGCAGATAATG-1",24.525942880141
"CTCGAGGGTATTCTCT-1",12.0554974460616
"CTCGAGGGTGCCTGGT-1",16.9698609232355
"CTCGGAGAGTCCCACG-1",0
"CTCGGAGCACTTCTGC-1",0
"CTCGGAGCAGCTGCAC-1",13.9054722529101
"CTCGGAGCAGGATCGA-1",18.4505627977061
"CTCGGAGGTAGCCTAT-1",12.88954025986
"CTCGGAGGTCATGCCG-1",0
"CTCGGAGTCAAACGGG-1",0
"CTCGGAGTCACATACG-1",0
"CTCGGAGTCAGCTTAG-1",12.88954025986
"CTCGGGAAGACCTAGG-1",14.8232300689552
"CTCGGGACACAGCCCA-1",18.6960277309759
"CTCGGGACATAAAGGT-1",13.9357422737542
"CTCGGGACATCCCACT-1",14.2011878277741
"CTCGGGACATGTCGAT-1",0
"CTCGGGAGTCGCGTGT-1",20.5510061457403
"CTCGGGAGTGACTACT-1",24.5654723805444
"CTCGGGAGTTACGACT-1",0
"CTCGGGATCCGTACAA-1",14.5487509226882
"CTCGGGATCCTTGACC-1",12.2750055961892
"CTCGGGATCTTGTTTG-1",13.4877153778389
"CTCGTACAGCGATAGC-1",16.9419556675637
"CTCGTACCAGCGTAAG-1",11.9458807945713
"CTCGTACCATAGTAAG-1",0
"CTCGTACGTAGAGTGC-1",0
"CTCGTACGTATCACCA-1",14.0068454314282
"CTCGTACGTGCAGTAG-1",0
"CTCGTACTCAAAGTAG-1",0
"CTCGTACTCAATCTCT-1",0
"CTCGTACTCGTTGCCT-1",12.5056792840503
"CTCGTACTCTGGTTCC-1",0
"CTCGTCAAGATGCCTT-1",20.2105664471322
"CTCGTCAAGTGGAGTC-1",16.8876581553245
"CTCGTCAAGTTTGCGT-1",0
"CTCGTCACAACGATCT-1",0
"CTCGTCACACATCCGG-1",0
"CTCGTCACAGTCGTGC-1",22.8739626785248
"CTCGTCAGTCTCATCC-1",0
"CTCGTCAGTCTCCATC-1",13.3085558092503
"CTCGTCAGTGAGCGAT-1",0
"CTCGTCAGTTGACGTT-1",0
"CTCGTCAGTTGGGACA-1",0
"CTCGTCATCACTTATC-1",0
"CTCGTCATCGACCAGC-1",16.0989654555438
"CTCGTCATCTGCTGTC-1",18.1465434832494
"CTCTAATCACCAGGTC-1",17.1569012501298
"CTCTAATCACGGTGTC-1",19.2415384787665
"CTCTAATCAGGAATCG-1",18.6106312313932
"CTCTAATGTCCAAGTT-1",0
"CTCTACGAGCTAAACA-1",0
"CTCTACGAGCTAGTGG-1",0
"CTCTACGAGTACGCCC-1",0
"CTCTACGAGTAGGCCA-1",0
"CTCTACGCAATAACGA-1",18.4505627977061
"CTCTACGCAGACGCTC-1",18.0128925939808
"CTCTACGCATGACATC-1",0
"CTCTACGTCATGTCTT-1",19.2415384787665
"CTCTACGTCCCTAATT-1",13.2838180121775
"CTCTACGTCGGCATCG-1",13.1681566110149
"CTCTACGTCGGTCTAA-1",0
"CTCTGGTAGCGTTCCG-1",13.9054722529101
"CTCTGGTAGGCATGGT-1",0
"CTCTGGTAGTGCCAGA-1",0
"CTCTGGTCACAAGCCC-1",18.0163460796527
"CTCTGGTCAGCCTTTC-1",17.755333998338
"CTCTGGTTCATCTGTT-1",12.3773654086769
"CTCTGGTTCTTGTACT-1",0
"CTGAAACAGATCCCGC-1",0
"CTGAAACAGGTGCTAG-1",12.1611804484363
"CTGAAACAGTCCGTAT-1",0
"CTGAAACAGTGTCTCA-1",0
"CTGAAACGTCATCGGC-1",16.4654047451899
"CTGAAACGTTAAAGAC-1",0
"CTGAAACTCATACGGT-1",12.9045554941769
"CTGAAGTAGTGCGTGA-1",16.4240522857806
"CTGAAGTCAGCTGTAT-1",24.525942880141
"CTGAAGTGTTAAAGTG-1",12.4569518671334
"CTGAAGTTCAAGCCTA-1",17.2564569964551
"CTGAAGTTCGGATGTT-1",13.176338304595
"CTGATAGAGGGAGTAA-1",21.3825100345151
"CTGATAGAGTGCAAGC-1",0
"CTGATAGCAGCCTTTC-1",0
"CTGATAGCATCCCATC-1",0
"CTGATAGCATCTCCCA-1",12.368907130433
"CTGATAGGTCAAAGCG-1",22.0250510439287
"CTGATAGGTCGCTTTC-1",0
"CTGATAGGTTACGACT-1",0
"CTGATAGTCGCGATCG-1",0
"CTGATCCAGGCATTGG-1",0
"CTGATCCAGGTGACCA-1",0
"CTGATCCCACAGAGGT-1",18.0163460796527
"CTGATCCCAGGCTGAA-1",0
"CTGATCCGTGCCTGGT-1",12.1300370400094
"CTGATCCGTTATCCGA-1",0
"CTGATCCGTTGTGGCC-1",23.0387560767056
"CTGCCTAAGGGTCTCC-1",0
"CTGCCTAAGGTGATAT-1",0
"CTGCCTAAGTACGCGA-1",0
"CTGCCTAAGTGCGTGA-1",0
"CTGCCTACATCCCACT-1",14.0035928107544
"CTGCCTATCAATAAGG-1",22.0250510439287
"CTGCGGAAGAAGGACA-1",14.6616790542134
"CTGCGGAAGAGCTGGT-1",17.089244696173
"CTGCGGAAGATGAGAG-1",13.4018758282126
"CTGCGGACAGGTCGTC-1",0
"CTGCGGACATGTCTCC-1",0
"CTGCGGAGTCACTTCC-1",0
"CTGCGGAGTCGTGGCT-1",13.4883244210932
"CTGCGGAGTTCTGTTT-1",15.1195851287333
"CTGCGGAGTTGGACCC-1",0
"CTGCGGATCGCCTGTT-1",25.3753974489706
"CTGCGGATCTTACCGC-1",16.2306058518837
"CTGCTGTAGGGTGTTG-1",0
"CTGCTGTAGTACCGGA-1",0
"CTGCTGTAGTGGAGAA-1",15.2481117606289
"CTGCTGTCACATCTTT-1",0
"CTGCTGTGTTAAAGAC-1",13.4866530062393
"CTGCTGTTCTCCAACC-1",0
"CTGCTGTTCTTACCGC-1",14.4539773031269
"CTGGTCTAGCGTTGCC-1",13.4308679684863
"CTGGTCTAGGACAGCT-1",15.4145612053797
"CTGGTCTAGGGCTTGA-1",14.0035928107544
"CTGGTCTAGTCGAGTG-1",14.5487509226882
"CTGGTCTCAAAGGAAG-1",0
"CTGGTCTCACCAGTTA-1",15.9810868501037
"CTGGTCTGTACCTACA-1",20.4701045652204
"CTGGTCTGTACGCTGC-1",16.7563626952805
"CTGGTCTGTCCGCTGA-1",13.8119627239848
"CTGGTCTGTCCGTTAA-1",18.6413686489377
"CTGGTCTGTTCATGGT-1",14.0176358943412
"CTGGTCTGTTCGTGAT-1",12.7261581275892
"CTGGTCTTCAACGGGA-1",12.8787603239238
"CTGGTCTTCACTTACT-1",19.0123003188688
"CTGGTCTTCTTACCTA-1",0
"CTGTGCTGTATATCCG-1",0
"CTGTGCTGTCATCCCT-1",0
"CTGTGCTGTCCCTACT-1",0
"CTGTGCTGTCGGCACT-1",0
"CTGTGCTTCCATTCTA-1",0
"CTGTTTAAGAAACCGC-1",0
"CTGTTTAAGATCGATA-1",12.3113721612095
"CTGTTTAAGGAGTTGC-1",0
"CTGTTTAGTCAAAGCG-1",0
"CTGTTTATCAGCCTAA-1",0
"CTGTTTATCATTTGGG-1",15.0250512598262
"CTGTTTATCTCCAGGG-1",0
"CTGTTTATCTCTTGAT-1",16.3887682181723
"CTGTTTATCTTCTGGC-1",14.2077107090519
"CTTAACTAGCCAGTAG-1",13.2648217737871
"CTTAACTAGGCTCTTA-1",0
"CTTAACTAGGTGCACA-1",14.2077107090519
"CTTAACTAGTCTCGGC-1",0
"CTTACCGAGCGCTTAT-1",24.5654723805444
"CTTACCGAGGCTACGA-1",21.5653435533627
"CTTACCGCAGATCTGT-1",23.0033607664525
"CTTACCGCAGTCAGAG-1",14.0035928107544
"CTTACCGGTCCTGCTT-1",0
"CTTACCGGTCGCCATG-1",0
"CTTACCGGTCTACCTC-1",18.0974631300968
"CTTACCGTCGGACAAG-1",0
"CTTAGGAAGCCCAACC-1",0
"CTTAGGACACGACGAA-1",0
"CTTAGGAGTTATGTGC-1",0
"CTTAGGATCCCATTTA-1",14.2011878277741
"CTTAGGATCTTTACAC-1",0
"CTTCTCTAGAACTCGG-1",0
"CTTCTCTAGAGTGAGA-1",0
"CTTCTCTAGCAGGCTA-1",0
"CTTCTCTAGTTAACGA-1",0
"CTTCTCTCAAAGGTGC-1",18.5776316589072
"CTTCTCTGTAACGACG-1",24.0808923829031
"CTTCTCTGTGCATCTA-1",0
"CTTCTCTTCGAGCCCA-1",0
"CTTGGCTAGCGATATA-1",0
"CTTGGCTAGTACGTTC-1",15.1412206737755
"CTTGGCTCATTACCTT-1",12.1046688769676
"CTTGGCTGTCTCCATC-1",0
"CTTGGCTTCCCTAATT-1",15.7835032080517
"CTTGGCTTCGCGTAGC-1",0
"CTTGGCTTCTCGTTTA-1",16.7563626952805
"CTTTGCGAGCAAATCA-1",0
"CTTTGCGAGCGTTCCG-1",14.180805282615
"CTTTGCGAGTATCTCG-1",0
"CTTTGCGCAATTCCTT-1",22.5044319159656
"CTTTGCGCACTTAAGC-1",15.4145612053797
"CTTTGCGCAGACGCAA-1",0
"CTTTGCGGTAGAGGAA-1",14.0176358943412
"CTTTGCGTCCAGGGCT-1",0
"GAAACTCAGAGACGAA-1",0
"GAAACTCAGAGGTTAT-1",18.2890445377948
"GAAACTCAGCAGCCTC-1",0
"GAAACTCAGCCCAGCT-1",0
"GAAACTCAGCTAAACA-1",14.643043931253
"GAAACTCAGTGCTGCC-1",13.8965481128167
"GAAACTCCAAGCCCAC-1",11.9458807945713
"GAAACTCCACATGACT-1",0
"GAAACTCCAGACACTT-1",23.6925876279498
"GAAACTCCATGGATGG-1",0
"GAAACTCGTACTCGCG-1",0
"GAAACTCGTAGCGATG-1",12.4336958453822
"GAAACTCGTGTGAAAT-1",0
"GAAACTCGTTTGTGTG-1",0
"GAAATGAAGCCAGTTT-1",0
"GAAATGAAGCTAGTCT-1",14.3044296306069
"GAAATGAAGTACGTAA-1",0
"GAAATGATCATGCTCC-1",15.6695547287161
"GAAATGATCCTCGCAT-1",16.4654047451899
"GAACATCAGATGGCGT-1",0
"GAACATCCAACAACCT-1",0
"GAACATCCACATCTTT-1",0
"GAACATCCACCTATCC-1",0
"GAACATCCACGGACAA-1",0
"GAACATCCATGCTAGT-1",13.7388759947039
"GAACATCGTACGACCC-1",0
"GAACATCGTGGACGAT-1",14.23603426635
"GAACATCGTTCCCGAG-1",0
"GAACATCTCCAAGTAC-1",12.0042636145505
"GAACATCTCGATCCCT-1",12.6065416803146
"GAACATCTCTCCAACC-1",16.468230511247
"GAACCTAAGAACTGTA-1",18.6960277309759
"GAACCTAAGAGCAATT-1",13.0043423118963
"GAACCTAAGCCAGTAG-1",0
"GAACCTACAAGGACAC-1",0
"GAACCTACAGACACTT-1",0
"GAACCTAGTACCAGTT-1",12.6225787625619
"GAACCTAGTGTCAATC-1",14.9634257785846
"GAACCTATCACGATGT-1",0
"GAACGGAAGACGCAAC-1",0
"GAACGGAAGTAATCCC-1",0
"GAACGGAAGTCAATAG-1",0
"GAACGGAAGTGGACGT-1",0
"GAACGGACACAGCGTC-1",13.3511823556699
"GAACGGACACCTCGTT-1",14.2077107090519
"GAACGGACACTTAACG-1",0
"GAACGGAGTAGCGTAG-1",12.6065416803146
"GAACGGAGTCAGAGGT-1",0
"GAACGGAGTGGCGAAT-1",14.0144568864033
"GAACGGATCACTCCTG-1",17.2060792650396
"GAACGGATCCACGAAT-1",0
"GAACGGATCGTAGGAG-1",14.2011878277741
"GAACGGATCTGTCAAG-1",0
"GAAGCAGAGACTAAGT-1",0
"GAAGCAGAGAGACGAA-1",13.4040133914113
"GAAGCAGAGCCACGCT-1",15.3092319919461
"GAAGCAGAGTTCGCGC-1",14.5014836679789
"GAAGCAGCAATCCGAT-1",13.3591694674467
"GAAGCAGCAGATCTGT-1",19.4913266288187
"GAAGCAGCAGATGAGC-1",0
"GAAGCAGCATGAACCT-1",13.9907479342972
"GAAGCAGCATGGAATA-1",0
"GAAGCAGGTAACGCGA-1",16.2554687138522
"GAAGCAGGTCATACTG-1",15.0744327536786
"GAAGCAGTCCTAGTGA-1",0
"GAAGCAGTCTTATCTG-1",17.9109128271937
"GAATAAGCAAGGTGTG-1",20.9261127492703
"GAATAAGCAGACAAGC-1",0
"GAATAAGCATGCAACT-1",16.0036678750467
"GAATAAGGTCCGTTAA-1",16.4654047451899
"GAATAAGGTGAGTGAC-1",0
"GAATAAGGTTCCCTTG-1",0
"GAATAAGTCGTTTAGG-1",0
"GAATGAAAGAGTCTGG-1",15.1299024105341
"GAATGAAAGCTTATCG-1",13.6913909461597
"GAATGAAAGGCATGTG-1",0
"GAATGAACAAACGCGA-1",0
"GAATGAACAGTGAGTG-1",0
"GAATGAACATCATCCC-1",12.0042636145505
"GAATGAAGTCAACATC-1",13.3591694674467
"GAATGAAGTCTCACCT-1",14.180805282615
"GAATGAAGTGGCAAAC-1",22.0087661607089
"GAATGAAGTTGCGTTA-1",22.6913577681446
"GAATGAATCAGTTAGC-1",0
"GAATGAATCCTGCCAT-1",19.5913751446537
"GACACGCAGACGCACA-1",12.6387064118119
"GACACGCAGAGTAATC-1",0
"GACACGCAGCCAACAG-1",12.1933412856535
"GACACGCAGGAGTTTA-1",24.5654723805444
"GACACGCAGGGCATGT-1",12.7916237267534
"GACACGCAGGTGCACA-1",17.155568368993
"GACACGCAGTCCAGGA-1",20.1962366435856
"GACACGCAGTGGGATC-1",14.0035928107544
"GACACGCAGTGGGTTG-1",0
"GACACGCCAAGCGTAG-1",18.7849693261772
"GACACGCCAAGGACAC-1",13.3085558092503
"GACACGCCAGACGCTC-1",0
"GACACGCCATCCTTGC-1",15.3465918210626
"GACACGCGTTCACGGC-1",0
"GACACGCTCATGTAGC-1",14.6616790542134
"GACAGAGAGTACGATA-1",16.3887682181723
"GACAGAGCAACGATCT-1",25.0996413662013
"GACAGAGCAAGTCTAC-1",16.7390927456478
"GACAGAGCAGCTCCGA-1",15.4145612053797
"GACAGAGCAGCTGGCT-1",13.9054722529101
"GACAGAGTCAAACAAG-1",18.5776316589072
"GACAGAGTCAGAGACG-1",12.9326814662775
"GACAGAGTCCTTCAAT-1",0
"GACAGAGTCCTTGCCA-1",0
"GACAGAGTCTTCATGT-1",0
"GACCAATAGAAGGGTA-1",0
"GACCAATAGCTACCGC-1",0
"GACCAATAGCTACCTA-1",12.0706645809242
"GACCAATCAGGTGCCT-1",13.4866530062393
"GACCAATCATGCGCAC-1",19.5046162937234
"GACCAATGTACAGTTC-1",0
"GACCAATGTCGCTTCT-1",12.9326814662775
"GACCAATTCCGATATG-1",14.5314320571415
"GACCAATTCGAATGGG-1",0
"GACCAATTCGTCACGG-1",0
"GACCTGGCATCACAAC-1",0
"GACCTGGCATGTCTCC-1",0
"GACCTGGCATTGGCGC-1",12.0554974460616
"GACCTGGGTAAAGGAG-1",0
"GACCTGGGTCCAGTTA-1",17.7004946056563
"GACCTGGGTGCAGTAG-1",0
"GACCTGGTCATAGCAC-1",18.0974631300968
"GACCTGGTCCTTGCCA-1",24.525942880141
"GACCTGGTCGCATGAT-1",0
"GACCTGGTCGTCACGG-1",0
"GACGCGTAGTGGTAAT-1",13.0157167330767
"GACGCGTAGTTGTAGA-1",0
"GACGCGTGTAAAGGAG-1",24.6785419502
"GACGCGTGTGTGAAAT-1",19.3540810823572
"GACGCGTGTTAAGACA-1",0
"GACGCGTTCAAACCGT-1",0
"GACGCGTTCCAAATGC-1",12.673434723843
"GACGCGTTCCGCGGTA-1",0
"GACGCGTTCCTACAGA-1",25.3753974489706
"GACGCGTTCTCCGGTT-1",0
"GACGGCTAGAAGATTC-1",0
"GACGGCTAGAGCTGGT-1",0
"GACGGCTCAAGGTTTC-1",14.1119679576302
"GACGGCTCACCGCTAG-1",16.9698609232355
"GACGGCTCATGAACCT-1",0
"GACGGCTCATGCAACT-1",20.9261127492703
"GACGGCTGTGTGTGCC-1",0
"GACGGCTGTTATGTGC-1",0
"GACGGCTGTTTGGCGC-1",18.5489002257572
"GACGGCTTCTATCGCC-1",15.1195851287333
"GACGTGCAGGCAAAGA-1",0
"GACGTGCAGGGTGTGT-1",13.1681566110149
"GACGTGCAGGTGTTAA-1",0
"GACGTGCCAGGTCGTC-1",12.0042636145505
"GACGTGCGTAACGTTC-1",0
"GACGTGCTCACCTCGT-1",0
"GACGTTAAGCTACCGC-1",14.2882014669379
"GACGTTAAGGCAAAGA-1",14.4989264879985
"GACGTTAAGTCAAGCG-1",17.8638645698855
"GACGTTACAAGCCATT-1",0
"GACGTTACAAGGTTTC-1",0
"GACGTTACAGACACTT-1",17.8301815584242
"GACGTTAGTATCTGCA-1",0
"GACGTTAGTTTGACAC-1",16.7043028204732
"GACGTTAGTTTGACTG-1",14.5014836679789
"GACGTTATCACAGGCC-1",13.7764089267624
"GACGTTATCATTGCGA-1",0
"GACGTTATCCCGGATG-1",0
"GACGTTATCCGAAGAG-1",0
"GACGTTATCGCGTTTC-1",14.0068454314282
"GACGTTATCTGTCCGT-1",0
"GACTAACAGACAGAGA-1",14.4989264879985
"GACTAACAGTGGAGAA-1",16.6845277498135
"GACTAACCAAATCCGT-1",13.3173524031846
"GACTAACGTCTAGTCA-1",16.0056192619822
"GACTAACGTGCAACTT-1",0
"GACTAACGTTCAGACT-1",19.31975192547
"GACTAACTCCTTTCTC-1",0
"GACTAACTCTTGCCGT-1",0
"GACTAACTCTTTACAC-1",20.9261127492703
"GACTACAAGATATGGT-1",0
"GACTACACAAATCCGT-1",11.9298175311746
"GACTACAGTGCTGTAT-1",0
"GACTACATCAGCCTAA-1",0
"GACTACATCAGGTAAA-1",21.1215638442496
"GACTACATCTGCAGTA-1",0
"GACTGCGAGCGTAGTG-1",0
"GACTGCGAGTTGTAGA-1",0
"GACTGCGCACTTAACG-1",14.9940998294536
"GACTGCGCATGTTCCC-1",0
"GACTGCGGTACGCACC-1",12.8541068906758
"GACTGCGGTTCTCATT-1",0
"GACTGCGTCAACACAC-1",19.3664540426624
"GACTGCGTCACGACTA-1",0
"GACTGCGTCGCCCTTA-1",0
"GACTGCGTCTCAAACG-1",0
"GAGCAGAGTAGGGTAC-1",0
"GAGCAGAGTCAGATAA-1",0
"GAGCAGAGTCATATGC-1",0
"GAGCAGAGTGAGCGAT-1",0
"GAGCAGAGTGTAACGG-1",0
"GAGCAGAGTGTGACCC-1",13.912602438204
"GAGCAGAGTTCGGGCT-1",0
"GAGCAGAGTTTAAGCC-1",16.7390927456478
"GAGCAGAGTTTGCATG-1",15.3465918210626
"GAGGTGAAGCAACGGT-1",0
"GAGGTGAAGGCTCTTA-1",0
"GAGGTGAAGTGGTAGC-1",22.459833939446
"GAGGTGAAGTTGTAGA-1",0
"GAGGTGACACTGTCGG-1",0
"GAGGTGACATCCTTGC-1",12.0042636145505
"GAGGTGACATGCATGT-1",0
"GAGGTGAGTACCTACA-1",0
"GAGGTGAGTCATTAGC-1",0
"GAGGTGAGTTCCTCCA-1",13.5495762859396
"GAGGTGATCATCGCTC-1",0
"GAGGTGATCTAGAGTC-1",0
"GAGGTGATCTCTAGGA-1",17.089244696173
"GAGGTGATCTGCTGTC-1",23.2764660331074
"GAGGTGATCTGGGCCA-1",0
"GAGTCCGAGGACAGAA-1",22.2244523037737
"GAGTCCGAGGCATGTG-1",16.4023975176093
"GAGTCCGAGGCGTACA-1",0
"GAGTCCGCAAACCCAT-1",18.1798734815006
"GAGTCCGGTCAAGCGA-1",12.8921767834851
"GAGTCCGGTGACCAAG-1",0
"GAGTCCGGTGACTCAT-1",15.2481117606289
"GAGTCCGGTGTGACCC-1",0
"GAGTCCGGTTCGGGCT-1",16.0036678750467
"GAGTCCGGTTTGCATG-1",13.6011618917074
"GAGTCCGTCGGCGCAT-1",14.5014836679789
"GAGTCCGTCTGATTCT-1",0
"GATCAGTAGATGTCGG-1",11.9057460017741
"GATCAGTAGTGGTAGC-1",14.2321306458366
"GATCAGTGTATATGAG-1",15.3465918210626
"GATCAGTGTCTGCGGT-1",0
"GATCAGTGTTATGCGT-1",22.0250510439287
"GATCAGTGTTGTACAC-1",16.7563626952805
"GATCGATAGAATGTTG-1",14.0068454314282
"GATCGATAGAGCTGCA-1",0
"GATCGATAGCATGGCA-1",0
"GATCGATCAAGCGAGT-1",0
"GATCGATCAAGCGTAG-1",0
"GATCGATGTCAACATC-1",17.8638645698855
"GATCGATGTTGCCTCT-1",0
"GATCGATTCCGCATCT-1",16.468230511247
"GATCGCGAGATAGTCA-1",21.7916305032437
"GATCGCGAGCCTTGAT-1",0
"GATCGCGAGGAGCGTT-1",15.1983005427252
"GATCGCGCAGGTCGTC-1",20.4701045652204
"GATCGCGGTACAGCAG-1",13.2648217737871
"GATCGCGGTGAGTATA-1",16.4023975176093
"GATCGCGGTTGTCGCG-1",12.9326814662775
"GATCGCGTCACTCCTG-1",16.0989654555438
"GATCGTAAGACATAAC-1",18.698183680288
"GATCGTAAGCTCAACT-1",0
"GATCGTACATAACCTG-1",0
"GATCGTAGTGGCTCCA-1",14.146667432331
"GATCGTATCATATCGG-1",0
"GATCGTATCATGTCCC-1",0
"GATCGTATCTTACCGC-1",0
"GATCTAGAGCGTCTAT-1",0
"GATCTAGAGTGGAGAA-1",0
"GATCTAGCAACACCTA-1",0
"GATCTAGCAAGGGTCA-1",13.4996258817302
"GATCTAGGTCTAAAGA-1",22.0087661607089
"GATCTAGGTCTCACCT-1",0
"GATCTAGGTCTCTTTA-1",0
"GATCTAGTCACATAGC-1",18.5489002257572
"GATCTAGTCTAAGCCA-1",11.9057460017741
"GATGAAAAGAGTAATC-1",0
"GATGAAAAGCTCCCAG-1",16.9985694454887
"GATGAAACACGGTAGA-1",0
"GATGAAACAGCTGTAT-1",14.2077107090519
"GATGAAAGTGGGTATG-1",18.7849693261772
"GATGAAATCACCCTCA-1",14.4539773031269
"GATGAAATCACTCCTG-1",0
"GATGAAATCAGCAACT-1",0
"GATGAAATCGAGAGCA-1",12.7261581275892
"GATGAGGAGATCCCGC-1",13.6886092692124
"GATGAGGAGTTCGATC-1",12.1712121469959
"GATGAGGCACCAGTTA-1",14.4593621858943
"GATGAGGGTATCACCA-1",0
"GATGAGGGTATTCGTG-1",0
"GATGAGGGTCGCGTGT-1",20.4701045652204
"GATGAGGGTGATGATA-1",22.0087661607089
"GATGAGGTCACAGGCC-1",0
"GATGAGGTCACATAGC-1",21.2333493128831
"GATGAGGTCCCTTGTG-1",15.3092319919461
"GATGAGGTCTGCTGTC-1",0
"GATGCTAAGACTAAGT-1",15.4145612053797
"GATGCTAAGGATGCGT-1",0
"GATGCTAAGGCTCTTA-1",0
"GATGCTAAGGGAACGG-1",0
"GATGCTAAGTATCTCG-1",17.089244696173
"GATGCTAAGTCTCGGC-1",0
"GATGCTACATGTTGAC-1",0
"GATGCTACATTGCGGC-1",12.7602239047209
"GATGCTAGTCTCCATC-1",0
"GATGCTAGTGGAAAGA-1",0
"GATGCTAGTTAGGGTG-1",0
"GATGCTATCCTGTACC-1",12.8337550554174
"GATGCTATCGGCGCTA-1",14.078081017456
"GATTCAGAGAAACCTA-1",14.3044296306069
"GATTCAGAGAGTGACC-1",0
"GATTCAGAGATTACCC-1",0
"GATTCAGAGGGTCGAT-1",0
"GATTCAGAGGTCGGAT-1",15.7455565274085
"GATTCAGAGTCAATAG-1",0
"GATTCAGCAAGTTGTC-1",18.698183680288
"GATTCAGCAATTCCTT-1",13.4996258817302
"GATTCAGCAGGGTACA-1",0
"GATTCAGCATCGACGC-1",0
"GATTCAGCATTATCTC-1",16.3848843267628
"GATTCAGGTAAATACG-1",16.7390927456478
"GATTCAGTCAACTCTT-1",18.0128925939808
"GCAAACTAGATGTTAG-1",0
"GCAAACTAGTCATGCT-1",0
"GCAAACTAGTCTCAAC-1",0
"GCAAACTCACAGGTTT-1",0
"GCAAACTGTCAGATAA-1",12.6065416803146
"GCAAACTGTCTCCATC-1",12.4569518671334
"GCAAACTTCGTGGTCG-1",20.9261127492703
"GCAATCAAGGGATCTG-1",0
"GCAATCAAGTATCTCG-1",13.5356403688456
"GCAATCAAGTGGGTTG-1",18.0128925939808
"GCAATCACAGCTTAAC-1",0
"GCAATCACATGTCGAT-1",12.5265314382573
"GCAATCACATTCCTCG-1",13.4018758282126
"GCAATCAGTAGGAGTC-1",0
"GCAATCAGTATAATGG-1",13.8965481128167
"GCAATCAGTTCTCATT-1",0
"GCAATCAGTTCTGGTA-1",0
"GCACATAAGAGCTATA-1",24.525942880141
"GCACATAAGATGTTAG-1",0
"GCACATAAGCCTTGAT-1",0
"GCACATAAGGAGTACC-1",0
"GCACATAAGTGAAGTT-1",0
"GCACATACACCACGTG-1",0
"GCACATACAGCTGTAT-1",0
"GCACATACAGGAACGT-1",13.6315705708735
"GCACATAGTCATCGGC-1",24.5654723805444
"GCACATAGTCCGAATT-1",0
"GCACATAGTCTCTTTA-1",0
"GCACATAGTGCGCTTG-1",17.9202037079117
"GCACATATCACCTCGT-1",15.0250512598262
"GCACATATCTGGTTCC-1",0
"GCACTCTCAAGACACG-1",17.3961343723629
"GCACTCTCAATCACAC-1",16.8876581553245
"GCACTCTCATTTCAGG-1",0
"GCACTCTGTAAACCTC-1",12.6065416803146
"GCACTCTGTACCAGTT-1",18.6960277309759
"GCACTCTGTAGAAAGG-1",0
"GCACTCTGTCGAACAG-1",0
"GCACTCTGTCTAGGTT-1",13.4996258817302
"GCACTCTTCAACTCTT-1",14.4539773031269
"GCACTCTTCCCTAATT-1",16.9201282321344
"GCACTCTTCTGCCCTA-1",0
"GCAGCCAAGCTGATAA-1",14.3044296306069
"GCAGCCACATGAGCGA-1",0
"GCAGCCAGTAATCGTC-1",0
"GCAGCCAGTGTCGCTG-1",12.0666818726274
"GCAGCCATCAGTTGAC-1",12.6065416803146
"GCAGCCATCCCAACGG-1",13.6011618917074
"GCAGCCATCCGTACAA-1",0
"GCAGTTAAGTCCATAC-1",19.9066191360715
"GCAGTTAAGTCCGTAT-1",0
"GCAGTTAAGTTAACGA-1",24.2118909548951
"GCAGTTAGTGGACGAT-1",0
"GCAGTTAGTTATTCTC-1",15.2481117606289
"GCAGTTATCGCGATCG-1",0
"GCATACAAGATCTGCT-1",12.2109853699819
"GCATACAAGCAACGGT-1",19.9066191360715
"GCATACACAACGCACC-1",20.4798018582515
"GCATACACAAGGACTG-1",23.0387560767056
"GCATACACAAGTCTGT-1",13.6913909461597
"GCATACACAGTCAGCC-1",12.8337550554174
"GCATACACATCCTAGA-1",14.078081017456
"GCATACACATCGGAAG-1",0
"GCATACAGTCCGAACC-1",0
"GCATACAGTTCTGGTA-1",0
"GCATACATCCACGACG-1",0
"GCATGATAGAATGTTG-1",14.5014836679789
"GCATGATAGAGTAATC-1",16.5134965155266
"GCATGATAGCTGATAA-1",0
"GCATGATAGGACCACA-1",12.8337550554174
"GCATGATAGGCTAGCA-1",0
"GCATGATAGTCAAGCG-1",18.6106312313932
"GCATGATAGTGGAGAA-1",16.8876581553245
"GCATGATCACACCGAC-1",0
"GCATGATCACATTTCT-1",0
"GCATGATGTCCCTACT-1",0
"GCATGATGTTGCGCAC-1",24.525942880141
"GCATGATTCGTGGACC-1",0
"GCATGCGAGCATGGCA-1",18.4497571389139
"GCATGCGAGTCCAGGA-1",0
"GCATGCGCACTGCCAG-1",0
"GCATGCGGTAAGGATT-1",0
"GCATGCGGTCCTCTTG-1",0
"GCATGCGGTGTGAAAT-1",15.1983005427252
"GCATGCGTCCGCGGTA-1",0
"GCATGTAAGAACTGTA-1",0
"GCATGTAAGACAGACC-1",0
"GCATGTAAGTACTTGC-1",15.789379045168
"GCATGTAAGTGCAAGC-1",0
"GCATGTACAACACGCC-1",12.0666818726274
"GCATGTATCACGAAGG-1",0
"GCCAAATCAAACTGTC-1",14.2442273075499
"GCCAAATCAAGGGTCA-1",17.155568368993
"GCCAAATCAAGTTCTG-1",0
"GCCAAATCATAACCTG-1",0
"GCCAAATGTATAAACG-1",12.7602239047209
"GCCAAATGTGTTTGGT-1",16.8876581553245
"GCCAAATGTTTCGCTC-1",19.6972343289
"GCCAAATTCAGGTAAA-1",0
"GCCAAATTCCGAGCCA-1",16.4730311585185
"GCCAAATTCCGCGGTA-1",16.8781021440033
"GCCAAATTCGGCTACG-1",0
"GCCTCTAAGAGTACCG-1",22.1650784894733
"GCCTCTAAGCCATCGC-1",12.7916237267534
"GCCTCTAAGCCGCCTA-1",13.2482037805714
"GCCTCTAAGCGATAGC-1",0
"GCCTCTAAGCTGCAAG-1",0
"GCCTCTAAGCTTCGCG-1",13.4996258817302
"GCCTCTAAGTCACGCC-1",18.4505627977061
"GCCTCTACAAGACGTG-1",12.7261581275892
"GCCTCTACAGCTATTG-1",11.9262247215435
"GCCTCTAGTAAGGATT-1",0
"GCCTCTAGTGATGATA-1",0
"GCCTCTAGTTAAGGGC-1",20.8000892423622
"GCCTCTATCAGCGACC-1",0
"GCCTCTATCCGATATG-1",0
"GCCTCTATCGAATCCA-1",0
"GCCTCTATCGAGCCCA-1",14.3044296306069
"GCCTCTATCGCTGATA-1",13.6913909461597
"GCCTCTATCTTTAGGG-1",0
"GCGACCAAGAGGTTAT-1",0
"GCGACCACACTTACGA-1",0
"GCGACCAGTCAGGACA-1",15.9810868501037
"GCGACCAGTCTAGAGG-1",16.2351939434082
"GCGACCATCAACGGGA-1",13.5859446420766
"GCGACCATCCCGGATG-1",0
"GCGACCATCTACTCAT-1",12.1181952812807
"GCGAGAAAGGTTCCTA-1",0
"GCGAGAAAGTACGATA-1",15.3092319919461
"GCGAGAAAGTGTCTCA-1",0
"GCGAGAACAAGCCCAC-1",15.7423230232396
"GCGAGAACACTGAAGG-1",0
"GCGAGAAGTAGCGCTC-1",0
"GCGAGAAGTCCCTACT-1",0
"GCGAGAATCCTTTCGG-1",0
"GCGAGAATCGAGAGCA-1",12.7261581275892
"GCGAGAATCGCACTCT-1",0
"GCGCAACAGTCCTCCT-1",0
"GCGCAACAGTGTACGG-1",11.9057460017741
"GCGCAACCAAGTCTGT-1",24.2829208676832
"GCGCAACCAGCCACCA-1",0
"GCGCAACGTAGCGCTC-1",0
"GCGCAACGTCCCTTGT-1",0
"GCGCAACGTCCTAGCG-1",0
"GCGCAACGTCGACTAT-1",0
"GCGCAACGTCTAGAGG-1",0
"GCGCAACTCAATACCG-1",14.0360515619796
"GCGCAGTCACATCCAA-1",17.2564569964551
"GCGCAGTCATTACCTT-1",0
"GCGCAGTGTTAGGGTG-1",0
"GCGCAGTTCGATCCCT-1",0
"GCGCAGTTCGCGGATC-1",13.5522035246949
"GCGCCAAAGACATAAC-1",16.133896221106
"GCGCCAAAGGACAGCT-1",18.5489002257572
"GCGCCAAAGGCCCTTG-1",13.7319493896476
"GCGCCAAAGGGCTTCC-1",0
"GCGCCAAAGGTACTCT-1",0
"GCGCCAACATAACCTG-1",0
"GCGCCAACATTGGGCC-1",0
"GCGCCAAGTACTTGAC-1",0
"GCGCCAAGTCGGCACT-1",0
"GCGCCAAGTGAAAGAG-1",16.1259456653195
"GCGCCAAGTTGTACAC-1",0
"GCGCCAATCCGTTGCT-1",18.3707668918442
"GCGCGATAGAAGGTTT-1",0
"GCGCGATAGCAGGTCA-1",0
"GCGCGATAGTGAATTG-1",14.0176358943412
"GCGCGATAGTTTGCGT-1",24.525942880141
"GCGCGATCAGCTCGAC-1",0
"GCGCGATGTAAGTAGT-1",0
"GCGCGATGTCACTTCC-1",0
"GCGCGATGTTACCAGT-1",14.2011878277741
"GCGCGATTCAGTTAGC-1",13.0195121937413
"GCGCGATTCGTTTAGG-1",16.9698609232355
"GCGGGTTAGAAACGAG-1",22.6913577681446
"GCGGGTTAGCTATGCT-1",13.7203704179109
"GCGGGTTAGTGTGAAT-1",18.0643781153709
"GCGGGTTCACGCGAAA-1",12.8337550554174
"GCGGGTTCAGGCAGTA-1",18.5489002257572
"GCGGGTTCAGTAACGG-1",19.4852441923155
"GCGGGTTGTGAGTATA-1",12.6844143094248
"GCGGGTTGTGGCGAAT-1",16.5957893619941
"GCGGGTTTCCAAAGTC-1",18.6960277309759
"GCGGGTTTCCTTTCTC-1",13.3173524031846
"GCGGGTTTCTCCAACC-1",0
"GCGGGTTTCTTGAGGT-1",0
"GCGGGTTTCTTGTATC-1",17.755333998338
"GCTCCTACAAACTGTC-1",19.3540810823572
"GCTCCTACACCAGGTC-1",0
"GCTCCTACACCGATAT-1",0
"GCTCCTACAGGGTACA-1",12.2109853699819
"GCTCCTACATTAGCCA-1",17.089244696173
"GCTCCTAGTCAGGACA-1",17.9285298545626
"GCTCCTAGTCCGTCAG-1",24.0808923829031
"GCTCCTATCAGCCTAA-1",0
"GCTCCTATCCCTAATT-1",0
"GCTCTGTAGAGGTAGA-1",13.3173524031846
"GCTCTGTAGCTGAACG-1",0
"GCTCTGTAGGAGTCTG-1",0
"GCTCTGTAGTGCTGCC-1",0
"GCTCTGTAGTGGACGT-1",0
"GCTCTGTTCACCTCGT-1",17.5260824033542
"GCTGCAGAGCGTGAGT-1",0
"GCTGCAGAGTCAAGCG-1",13.995598956019
"GCTGCAGAGTCCCACG-1",12.5056792840503
"GCTGCAGCAATTGCTG-1",0
"GCTGCAGCATGCCCGA-1",16.6845277498135
"GCTGCAGCATGCCTAA-1",0
"GCTGCAGGTAAACCTC-1",0
"GCTGCAGGTACGAAAT-1",0
"GCTGCAGGTAGCGCAA-1",12.7970798503356
"GCTGCAGGTCACCCAG-1",14.6616790542133
"GCTGCAGGTCATGCCG-1",12.0666818726274
"GCTGCGAAGGAATGGA-1",0
"GCTGCGAGTCTAACGT-1",17.155568368993
"GCTGCGAGTGTTTGGT-1",0
"GCTGCGATCTCCTATA-1",13.256521818935
"GCTGCGATCTTGTTTG-1",15.1805970879456
"GCTGCTTAGAATTGTG-1",13.995598956019
"GCTGCTTAGGCAATTA-1",13.4018758282126
"GCTGCTTCATCACGTA-1",13.7078749330362
"GCTGCTTCATCCAACA-1",16.133896221106
"GCTGCTTCATGCCTAA-1",13.1465986075104
"GCTGCTTCATGGTCAT-1",0
"GCTGCTTGTAACGACG-1",0
"GCTGCTTGTAATCGTC-1",18.1465434832494
"GCTGCTTGTAGGGACT-1",14.3179070649766
"GCTGCTTGTGAAAGAG-1",0
"GCTGCTTTCCGGGTGT-1",12.0817509017912
"GCTGGGTAGACCCACC-1",15.4129202524493
"GCTGGGTAGCCACGCT-1",0
"GCTGGGTAGTCGCCGT-1",0
"GCTGGGTAGTCTCAAC-1",0
"GCTGGGTCACGGCTAC-1",16.7390927456478
"GCTGGGTCAGCCAATT-1",0
"GCTGGGTGTACAGTTC-1",0
"GCTGGGTGTACCGTTA-1",0
"GCTGGGTGTCGAGTTT-1",0
"GCTGGGTGTCTCCACT-1",0
"GCTGGGTGTGCCTGTG-1",0
"GCTGGGTTCAGCTTAG-1",12.1611804484363
"GCTGGGTTCCTTAATC-1",18.6135122437254
"GCTTCCAAGAAACCTA-1",0
"GCTTCCACACCACCAG-1",0
"GCTTCCACAGGTCGTC-1",0
"GCTTCCACAGTGAGTG-1",13.8965481128167
"GCTTCCAGTATAGGTA-1",15.7835032080517
"GCTTCCAGTTCAGCGC-1",12.4123164780163
"GCTTCCATCGTCCAGG-1",0
"GCTTGAAAGATGGCGT-1",0
"GCTTGAAAGCCGTCGT-1",0
"GCTTGAACAAACCTAC-1",18.1465434832494
"GCTTGAACACGGTGTC-1",0
"GCTTGAACATCGGAAG-1",17.8514744358471
"GCTTGAAGTGCGGTAA-1",21.0351782666251
"GCTTGAAGTTCTCATT-1",12.7626391794999
"GCTTGAATCAGGATCT-1",16.634660014531
"GGAAAGCAGGCAGGTT-1",0
"GGAAAGCCAAACGCGA-1",0
"GGAAAGCCAAGTACCT-1",15.3465918210626
"GGAAAGCGTAAGCACG-1",0
"GGAAAGCGTCCTCCAT-1",0
"GGAAAGCGTCGCGTGT-1",0
"GGAAAGCGTGCTTCTC-1",14.0906168283896
"GGAAAGCTCCAGAGGA-1",14.180805282615
"GGAACTTAGAGTAAGG-1",0
"GGAACTTCAATGTAAG-1",12.4569518671334
"GGAACTTCACAGGAGT-1",0
"GGAACTTCACCTCGTT-1",0
"GGAACTTGTCTCTTTA-1",15.624352132526
"GGAACTTTCATTGCCC-1",12.4569518671334
"GGAACTTTCATTTGGG-1",0
"GGAACTTTCCGTCATC-1",0
"GGAACTTTCCTCAACC-1",0
"GGAACTTTCGGATGTT-1",0
"GGAATAAAGGTACTCT-1",18.9343570449203
"GGAATAAAGTGTCCAT-1",19.1853291460388
"GGAATAACAGCGTCCA-1",0
"GGAATAAGTCTGGTCG-1",0
"GGAATAAGTGCAGGTA-1",0
"GGAATAATCAGCACAT-1",0
"GGAATAATCTTTACGT-1",19.3664540426624
"GGACAAGAGGTACTCT-1",0
"GGACAAGCAACGATGG-1",0
"GGACAAGCAGTCGTGC-1",15.3644477767363
"GGACAAGCATGGGACA-1",19.9066191360715
"GGACAAGGTATAAACG-1",0
"GGACAAGGTATGAAAC-1",0
"GGACAAGGTCGGCATC-1",0
"GGACAAGGTTATGCGT-1",0
"GGACAAGTCTAACGGT-1",0
"GGACAGAAGCTAGTCT-1",14.5014836679789
"GGACAGAAGTACTTGC-1",0
"GGACAGACAACACGCC-1",16.5937075422701
"GGACAGACACAAGCCC-1",13.9427235005656
"GGACAGAGTAAGTGGC-1",13.2648217737871
"GGACAGAGTCTTTCAT-1",0
"GGACAGAGTGAGGGAG-1",17.3191975268786
"GGACAGAGTTCCACAA-1",0
"GGACAGATCAACGCTA-1",17.685022894187
"GGACATTAGAGGGCTT-1",0
"GGACATTAGCCACGTC-1",0
"GGACATTCAAACGCGA-1",25.3753974489706
"GGACATTCAATGACCT-1",0
"GGACATTCACCAGCAC-1",0
"GGACATTGTTCTGGTA-1",14.3044296306069
"GGACATTTCCTCTAGC-1",0
"GGACGTCAGTACTTGC-1",15.8931304721761
"GGACGTCAGTGGTAAT-1",0
"GGACGTCCACAGTCGC-1",18.2890445377948
"GGACGTCGTGAGGGAG-1",0
"GGACGTCGTGGCGAAT-1",16.9201282321344
"GGACGTCGTTACGGAG-1",0
"GGACGTCGTTTAAGCC-1",0
"GGACGTCTCCACTCCA-1",0
"GGACGTCTCGCAAACT-1",0
"GGACGTCTCTCCAGGG-1",0
"GGACGTCTCTCGAGTA-1",13.6913909461597
"GGACGTCTCTGGTGTA-1",20.9261127492703
"GGACGTCTCTTCGAGA-1",0
"GGAGCAAAGAACTCGG-1",0
"GGAGCAAAGACTGTAA-1",24.2829208676832
"GGAGCAAAGCCGCCTA-1",0
"GGAGCAAAGCTAAACA-1",16.133896221106
"GGAGCAAAGTACGCCC-1",12.3113721612095
"GGAGCAACAAGCTGTT-1",13.3085558092503
"GGAGCAACAATGGACG-1",0
"GGAGCAACAATTCCTT-1",16.9072926281448
"GGAGCAACATGCTGGC-1",12.6225787625619
"GGAGCAAGTGAGTATA-1",17.5307216130757
"GGAGCAAGTTACTGAC-1",16.6341123123308
"GGAGCAATCAAGATCC-1",0
"GGAGCAATCCCATTTA-1",12.8337550554174
"GGATGTTCAAACTGTC-1",16.133896221106
"GGATGTTTCATCACCC-1",0
"GGATGTTTCATGCATG-1",0
"GGATGTTTCCTACAGA-1",13.2648217737871
"GGATGTTTCCTCTAGC-1",0
"GGATTACAGATCCCAT-1",0
"GGATTACAGCTTCGCG-1",15.3644477767363
"GGATTACAGGCTAGCA-1",15.0967285332316
"GGATTACAGTATCTCG-1",0
"GGATTACCAAGCGTAG-1",15.624352132526
"GGATTACCACATCCGG-1",0
"GGATTACCAGCGTAAG-1",0
"GGATTACGTAATAGCA-1",0
"GGATTACGTACACCGC-1",0
"GGATTACGTCTCTTTA-1",15.7423230232396
"GGATTACGTTGAGGTG-1",15.120057171571
"GGATTACTCGCGCCAA-1",13.2232148601255
"GGATTACTCGGCGCAT-1",17.2173613624784
"GGATTACTCTGCCCTA-1",13.9907479342972
"GGCAATTCAATCGGTT-1",18.0163460796527
"GGCAATTCACGGCGTT-1",12.4336958453822
"GGCAATTCATCACCCT-1",0
"GGCAATTGTCGATTGT-1",0
"GGCAATTTCACTTACT-1",0
"GGCAATTTCAGCACAT-1",14.3044296306069
"GGCAATTTCTCCGGTT-1",0
"GGCCGATAGTGTCTCA-1",0
"GGCCGATCACGGACAA-1",0
"GGCCGATGTAGGACAC-1",0
"GGCCGATGTCACTGGC-1",17.089244696173
"GGCCGATGTCCCTACT-1",13.4996258817302
"GGCCGATTCACCGTAA-1",16.4730311585185
"GGCCGATTCCGCGCAA-1",0
"GGCGACTAGAGCTGGT-1",0
"GGCGACTAGGACCACA-1",0
"GGCGACTAGGTTACCT-1",12.0666818726274
"GGCGACTCAAAGCGGT-1",0
"GGCGACTCAAGAGTCG-1",13.9776223958617
"GGCGACTCACCAGGTC-1",12.7261581275892
"GGCGACTCATTGTGCA-1",0
"GGCGACTTCAGAAATG-1",23.0033607664525
"GGCGACTTCAGAGACG-1",13.2648217737871
"GGCGACTTCCAGATCA-1",19.3664540426624
"GGCGACTTCTCTAGGA-1",0
"GGCGTGTAGCTAGCCC-1",0
"GGCGTGTAGGGTATCG-1",0
"GGCGTGTCAGGTCCAC-1",18.4610761210409
"GGCGTGTCAGTATAAG-1",12.1428377431584
"GGCGTGTCATCGTCGG-1",15.4129202524493
"GGCGTGTCATGGAATA-1",0
"GGCGTGTGTCTCCCTA-1",0
"GGCGTGTTCTTGAGGT-1",18.2890445377948
"GGCTCGAAGCCGTCGT-1",13.4883244210932
"GGCTCGAAGGTAAACT-1",18.0884361094351
"GGCTCGACAAGAAGAG-1",12.0666818726274
"GGCTCGACAATAGCAA-1",21.8907312712556
"GGCTCGACATGGTCAT-1",13.9907479342972
"GGCTCGAGTATATCCG-1",0
"GGCTCGAGTTACGTCA-1",0
"GGCTCGAGTTAGGGTG-1",12.0554974460616
"GGCTCGATCTGCAAGT-1",20.3221424646861
"GGCTGGTAGAAGAAGC-1",0
"GGCTGGTAGACCCACC-1",17.089244696173
"GGCTGGTCAAGGACAC-1",14.2077107090519
"GGCTGGTCACTGCCAG-1",0
"GGCTGGTCATTTCAGG-1",12.1611804484363
"GGCTGGTGTATTCTCT-1",0
"GGCTGGTGTCGCATCG-1",19.9913277291725
"GGCTGGTGTCTAGTGT-1",16.6341123123308
"GGCTGGTGTTATGCGT-1",0
"GGGAATGAGCGTTGCC-1",17.155568368993
"GGGAATGAGTAGGTGC-1",13.3173439812603
"GGGAATGGTAAGGGAA-1",0
"GGGAATGTCAACGAAA-1",13.7319493896476
"GGGAATGTCCAGTATG-1",0
"GGGAATGTCCGGGTGT-1",12.0883130663759
"GGGACCTAGATGTAAC-1",0
"GGGACCTAGTCTTGCA-1",13.0043423118963
"GGGACCTCAATCAGAA-1",12.3798476062387
"GGGACCTCACTGAAGG-1",16.8876581553245
"GGGAGATAGTACGACG-1",16.9201282321344
"GGGAGATCAAAGTGCG-1",0
"GGGAGATCAAATCCGT-1",13.9907479342972
"GGGAGATCAAGGACTG-1",0
"GGGAGATCACGCGAAA-1",0
"GGGAGATGTAGCGCAA-1",13.813892775549
"GGGAGATTCAACGGGA-1",0
"GGGAGATTCATCACCC-1",0
"GGGATGAAGTGACATA-1",0
"GGGATGACATCATCCC-1",14.3044296306069
"GGGATGAGTCACCCAG-1",15.7216560575352
"GGGATGAGTGGAAAGA-1",18.6106312313932
"GGGATGAGTTACGACT-1",0
"GGGATGAGTTGGTAAA-1",0
"GGGATGATCAGTTAGC-1",0
"GGGATGATCTATCCTA-1",0
"GGGATGATCTTTAGGG-1",0
"GGGCACTAGTCTCGGC-1",0
"GGGCACTCATCTCCCA-1",0
"GGGCACTTCACCTCGT-1",0
"GGGCACTTCTGAGGGA-1",22.0250510439287
"GGGCATCCAATGTAAG-1",0
"GGGCATCCAGTCTTCC-1",12.3197095514976
"GGGCATCGTGGCGAAT-1",19.4511287693794
"GGGCATCTCACAGTAC-1",13.9054722529101
"GGGCATCTCCCTTGTG-1",0
"GGGCATCTCCGGCACA-1",20.2891360926929
"GGGCATCTCTGTCCGT-1",0
"GGGCATCTCTTATCTG-1",0
"GGGTCTGAGAAGATTC-1",0
"GGGTCTGAGATCCCGC-1",16.8876581553245
"GGGTCTGAGCCAACAG-1",0
"GGGTCTGCACAGGCCT-1",0
"GGGTCTGCACCAGGTC-1",14.6616790542134
"GGGTCTGGTCTGGTCG-1",12.2750055961892
"GGGTCTGGTGATGATA-1",18.0128925939808
"GGGTCTGGTGTGACCC-1",12.8342478943648
"GGGTCTGTCAACTCTT-1",21.5662215023276
"GGGTCTGTCACTCCTG-1",12.1046688769676
"GGGTCTGTCCGTAGTA-1",12.0554974460616
"GGGTTGCAGACAGAGA-1",16.7390927456478
"GGGTTGCAGACCTTTG-1",0
"GGGTTGCAGATCGATA-1",0
"GGGTTGCAGGGTGTTG-1",25.5659698124078
"GGGTTGCAGGTGGGTT-1",0
"GGGTTGCCAATAACGA-1",0
"GGGTTGCCACGCCAGT-1",0
"GGGTTGCCATTAACCG-1",14.3044296306069
"GGGTTGCGTACATCCA-1",0
"GGGTTGCGTAGCGCAA-1",14.2882014669379
"GGGTTGCGTCCTCCAT-1",13.188330666905
"GGGTTGCGTCGAGTTT-1",14.6616790542134
"GGGTTGCGTGAGTATA-1",13.9907479342972
"GGGTTGCGTGTGACCC-1",0
"GGGTTGCTCGTACCGG-1",18.1465434832494
"GGTATTGAGCACCGTC-1",17.4506755085898
"GGTATTGAGCTATGCT-1",15.1983005427252
"GGTATTGCACATCCAA-1",0
"GGTATTGCAGCTTCGG-1",0
"GGTATTGGTTCCGTCT-1",12.0909081626746
"GGTATTGTCAGAAATG-1",15.624352132526
"GGTATTGTCCATTCTA-1",17.0381645796608
"GGTATTGTCGCCAGCA-1",0
"GGTGAAGAGACACGAC-1",0
"GGTGAAGAGATCCGAG-1",18.2890445377948
"GGTGAAGCAAGGTGTG-1",0
"GGTGAAGCACTCGACG-1",0
"GGTGAAGCAGTATGCT-1",17.4140515260551
"GGTGAAGGTATGAAAC-1",24.3385532856185
"GGTGAAGGTCAGAATA-1",0
"GGTGAAGGTGGTACAG-1",0
"GGTGAAGGTGTATGGG-1",23.8055430204508
"GGTGAAGGTGTCTGAT-1",13.9907479342972
"GGTGAAGGTGTGGTTT-1",12.5889353465667
"GGTGAAGGTGTGTGCC-1",0
"GGTGAAGTCACGATGT-1",0
"GGTGAAGTCACTCTTA-1",15.7455565274085
"GGTGAAGTCTGGCGTG-1",0
"GGTGCGTAGGTGATTA-1",0
"GGTGCGTAGTACGATA-1",0
"GGTGCGTCACTTAAGC-1",13.3953134049557
"GGTGCGTCAGCTGTAT-1",13.089228714082
"GGTGCGTGTTCGTTGA-1",12.7922110457526
"GGTGCGTTCCGTACAA-1",19.9066191360715
"GGTGCGTTCTTGACGA-1",0
"GGTGTTAAGGGCTCTC-1",0
"GGTGTTAAGTAGCGGT-1",19.4511287693794
"GGTGTTAAGTGGGATC-1",0
"GGTGTTAAGTTATCGC-1",23.0033607664525
"GGTGTTACAAATCCGT-1",18.7849693261772
"GGTGTTACACGGATAG-1",12.7922110457526
"GGTGTTAGTAATCACC-1",0
"GGTGTTAGTAGCAAAT-1",14.2170289186097
"GGTGTTAGTGTATGGG-1",0
"GGTGTTAGTTGAACTC-1",0
"GGTGTTATCGGACAAG-1",16.8876581553245
"GGTGTTATCGGTGTTA-1",0
"GGTGTTATCTACTTAC-1",0
"GTAACGTAGGTGACCA-1",13.8151404032605
"GTAACGTCACAGGCCT-1",0
"GTAACGTGTACCATCA-1",0
"GTAACGTGTGAGTATA-1",0
"GTAACGTGTTACGGAG-1",13.5495762859396
"GTAACGTGTTAGGGTG-1",12.6387064118119
"GTAACGTTCGGTCCGA-1",0
"GTAACGTTCTCATTCA-1",0
"GTAACTGAGTGGGTTG-1",0
"GTAACTGCAATGGAAT-1",12.3798476062387
"GTAACTGCACAGGCCT-1",13.4168279805937
"GTAACTGCAGGATCGA-1",15.3092319919461
"GTAACTGCATCGGGTC-1",0
"GTAACTGGTATTACCG-1",12.1071368161464
"GTAACTGTCACGGTTA-1",13.5994098638823
"GTAACTGTCTACTATC-1",14.2170289186097
"GTACGTAAGGTGCTTT-1",0
"GTACGTACAGGAATGC-1",20.7269385853138
"GTACGTACATGGATGG-1",16.133896221106
"GTACGTAGTGAGTGAC-1",17.2173613624784
"GTACGTAGTTGGTAAA-1",19.1853291460388
"GTACGTATCACCTCGT-1",0
"GTACGTATCATCGGAT-1",13.7319493896476
"GTACGTATCCACTGGG-1",0
"GTACTCCAGGCAGTCA-1",0
"GTACTCCCAATAGCGG-1",0
"GTACTCCCACAGGTTT-1",0
"GTACTCCTCACCTTAT-1",0
"GTACTCCTCATTGCCC-1",0
"GTACTCCTCCTTCAAT-1",20.7290937636062
"GTACTTTCAGTTAACC-1",14.180805282615
"GTACTTTCATGTCGAT-1",25.2743132724251
"GTACTTTTCCGAAGAG-1",14.9940998294536
"GTAGGCCAGCAATCTC-1",15.9545348021175
"GTAGGCCCATTCGACA-1",12.0554974460616
"GTAGGCCGTAACGCGA-1",0
"GTAGGCCGTAAGGGCT-1",13.8965481128167
"GTAGGCCGTACGACCC-1",0
"GTAGGCCGTTCAGGCC-1",13.4996258817302
"GTAGGCCGTTGATTGC-1",12.8493191069612
"GTAGGCCTCAGCACAT-1",0
"GTAGTCAAGAATGTGT-1",15.0501471153005
"GTAGTCAAGATGCCTT-1",0
"GTAGTCAAGGACGAAA-1",16.0036678750467
"GTAGTCAAGTGAAGAG-1",25.3753974489706
"GTAGTCATCGTCACGG-1",17.8638645698855
"GTAGTCATCTGAAAGA-1",13.2482037805714
"GTATCTTAGAAACCAT-1",0
"GTATCTTAGGCTATCT-1",0
"GTATCTTAGTTGTCGT-1",0
"GTATCTTCACACCGCA-1",0
"GTATCTTCACGAAGCA-1",12.4918938118879
"GTATCTTGTTCGCTAA-1",0
"GTATCTTTCATGCTCC-1",0
"GTATCTTTCATGTAGC-1",12.8337550554174
"GTATTCTAGAAACCAT-1",12.6065416803146
"GTATTCTAGACAAAGG-1",0
"GTATTCTCAAAGTCAA-1",13.188330666905
"GTATTCTCAACAACCT-1",13.1352180548438
"GTATTCTCAACTTGAC-1",19.1853291460388
"GTATTCTCAATAAGCA-1",16.5134965155266
"GTATTCTCAGGGTTAG-1",15.0099567349532
"GTATTCTCATACTACG-1",13.0985360731139
"GTATTCTCATGGTAGG-1",0
"GTATTCTGTAGTGAAT-1",0
"GTATTCTGTCTAGAGG-1",0
"GTCAAGTCATATGCTG-1",22.0087661607089
"GTCAAGTCATGGTTGT-1",0
"GTCAAGTGTCAGCTAT-1",0
"GTCAAGTGTTCCACTC-1",0
"GTCACAAAGCCGATTT-1",12.3113721612095
"GTCACAAAGTGGAGTC-1",19.9066191360715
"GTCACAACAGGTGGAT-1",15.4145612053797
"GTCACAAGTAAACGCG-1",19.3540810823572
"GTCACAATCAGGATCT-1",23.8025438311026
"GTCACAATCAGTTGAC-1",18.6413686489377
"GTCACAATCATGCATG-1",21.5662215023276
"GTCACGGAGATCACGG-1",13.6864122623076
"GTCACGGCATATACCG-1",15.1195851287333
"GTCACGGGTGAGTGAC-1",16.4023975176093
"GTCACGGGTGTGGCTC-1",0
"GTCACGGTCGAGAGCA-1",0
"GTCACGGTCTACCTGC-1",18.5776316589072
"GTCATTTAGAGACTAT-1",0
"GTCATTTCACGTGAGA-1",0
"GTCATTTGTAGAAGGA-1",0
"GTCATTTGTCAGATAA-1",0
"GTCATTTTCCAGAGGA-1",0
"GTCCTCAAGCCCAACC-1",0
"GTCCTCAAGTAGATGT-1",0
"GTCCTCAAGTGGGCTA-1",12.88954025986
"GTCCTCACAATCACAC-1",0
"GTCCTCAGTGGAAAGA-1",12.3113721612095
"GTCCTCATCAAAGACA-1",0
"GTCCTCATCGTCCGTT-1",0
"GTCGGGTCACTGAAGG-1",0
"GTCGGGTCACTTCGAA-1",0
"GTCGGGTCATGAAGTA-1",0
"GTCGGGTGTCTCACCT-1",14.6616790542134
"GTCGGGTGTGTGACGA-1",12.7261581275892
"GTCGGGTGTGTGTGCC-1",16.634660014531
"GTCGGGTGTTACGTCA-1",0
"GTCGGGTTCTGCTGTC-1",0
"GTCGGGTTCTGTGCAA-1",0
"GTCGTAAAGAGATGAG-1",17.089244696173
"GTCGTAAAGCTGCAAG-1",0
"GTCGTAAAGGCGACAT-1",21.5903000733684
"GTCGTAACATCACGAT-1",0
"GTCGTAAGTATCACCA-1",13.7948232643943
"GTCGTAATCCAAGTAC-1",12.8342478943648
"GTCTCGTAGACCACGA-1",13.6913909461597
"GTCTCGTCAGGAACGT-1",15.459969371707
"GTCTCGTGTGGTAACG-1",13.4309775307703
"GTCTCGTGTTTGGCGC-1",14.4989264879985
"GTCTCGTTCACCGGGT-1",0
"GTCTCGTTCAGTGCAT-1",17.155568368993
"GTCTTCGAGACAAGCC-1",12.6065416803146
"GTCTTCGAGGAATGGA-1",0
"GTCTTCGAGTCAAGCG-1",0
"GTCTTCGCACATGGGA-1",0
"GTCTTCGCACCAGGTC-1",0
"GTCTTCGCAGACGCAA-1",12.3113721612095
"GTCTTCGCATAACCTG-1",0
"GTCTTCGCATCGATGT-1",0
"GTCTTCGGTCTAGTGT-1",0
"GTCTTCGTCTCGATGA-1",0
"GTGAAGGAGAGCTGGT-1",0
"GTGAAGGAGATCGGGT-1",0
"GTGAAGGAGCCAGTTT-1",14.4989264879985
"GTGAAGGAGTGTTGAA-1",0
"GTGAAGGCAAAGGCGT-1",0
"GTGAAGGCACTTAAGC-1",24.2829208676832
"GTGAAGGCAGATTGCT-1",17.2173613624784
"GTGAAGGGTATATGGA-1",12.0554974460616
"GTGAAGGGTCTCTCTG-1",16.8876581553245
"GTGAAGGTCTCCTATA-1",13.4309775307703
"GTGCAGCAGACATAAC-1",0
"GTGCAGCAGTGGTCCC-1",0
"GTGCAGCCACATCTTT-1",18.6960277309759
"GTGCAGCGTGAGTATA-1",0
"GTGCAGCTCTTAGAGC-1",0
"GTGCATAAGGCATGGT-1",14.4989264879985
"GTGCATAGTTTGTTGG-1",16.3727549355502
"GTGCATATCAGAGCTT-1",0
"GTGCATATCATCATTC-1",13.6675220363137
"GTGCATATCTGCGTAA-1",12.1046688769676
"GTGCGGTAGCAATCTC-1",0
"GTGCGGTAGGACAGAA-1",16.0036678750467
"GTGCGGTCAAAGGTGC-1",16.9201282321344
"GTGCGGTGTTCAGACT-1",0
"GTGCGGTGTTCTGTTT-1",0
"GTGCGGTTCATCTGCC-1",23.0387560767056
"GTGCGGTTCCAGGGCT-1",0
"GTGCGGTTCGGATGGA-1",0
"GTGCGGTTCTCGTTTA-1",0
"GTGCGGTTCTGCTGTC-1",0
"GTGCTTCAGCCAGTTT-1",0
"GTGCTTCAGGATTCGG-1",13.1681566110149
"GTGCTTCAGTACACCT-1",0
"GTGCTTCCACTTAACG-1",19.6583640539671
"GTGCTTCCAGCTATTG-1",0
"GTGCTTCGTAGAGTGC-1",0
"GTGCTTCTCACAATGC-1",14.5014836679789
"GTGCTTCTCACTTCAT-1",24.0808923829031
"GTGGGTCAGACCGGAT-1",13.6668216586642
"GTGGGTCAGACTGTAA-1",0
"GTGGGTCAGCCGTCGT-1",13.7203704179109
"GTGGGTCCACCAACCG-1",15.2319065010113
"GTGGGTCCACCACCAG-1",25.3753974489706
"GTGTGCGAGACCGGAT-1",0
"GTGTGCGAGACTTGAA-1",0
"GTGTGCGCAGGTCGTC-1",0
"GTGTGCGGTGAGCGAT-1",0
"GTGTGCGTCAGTCAGT-1",12.7261581275892
"GTGTGCGTCCCTTGTG-1",13.2675235566373
"GTGTGCGTCTAACTTC-1",0
"GTGTTAGAGGACAGAA-1",0
"GTGTTAGAGGCATGGT-1",0
"GTGTTAGAGTGGAGAA-1",23.0387560767056
"GTGTTAGAGTTTGCGT-1",0
"GTGTTAGCAATGGAAT-1",0
"GTGTTAGCACCACCAG-1",22.6913577681446
"GTGTTAGGTGCCTGGT-1",0
"GTGTTAGGTGGAAAGA-1",0
"GTGTTAGGTTCCATGA-1",0
"GTGTTAGGTTGGGACA-1",12.9326814662775
"GTTAAGCAGAGCTGCA-1",12.88954025986
"GTTAAGCAGATAGCAT-1",0
"GTTAAGCAGCTAACAA-1",17.3569585966824
"GTTAAGCAGGCTACGA-1",0
"GTTAAGCAGTGTACCT-1",0
"GTTAAGCAGTTTGCGT-1",14.3044296306069
"GTTAAGCCATTCACTT-1",15.4518760566671
"GTTAAGCGTACTCGCG-1",0
"GTTAAGCGTCTAGGTT-1",16.8781021440033
"GTTAAGCGTGGCAAAC-1",0
"GTTAAGCGTTGCTCCT-1",16.2306058518837
"GTTAAGCTCCTTTCGG-1",0
"GTTACAGAGAGCTATA-1",0
"GTTACAGAGTACGATA-1",0
"GTTACAGCAGACGCCT-1",0
"GTTACAGCATCGGTTA-1",0
"GTTACAGGTATGGTTC-1",0
"GTTACAGGTCGACTGC-1",16.4654047451899
"GTTACAGGTCTAGGTT-1",0
"GTTCATTAGCGATGAC-1",12.8337550554174
"GTTCATTCATATACGC-1",15.7835032080517
"GTTCATTCATTGGCGC-1",0
"GTTCATTGTGCACGAA-1",0
"GTTCATTGTGTTAAGA-1",0
"GTTCATTGTTCAGTAC-1",0
"GTTCGGGAGACGACGT-1",14.2882014669379
"GTTCGGGAGCTAAGAT-1",12.7916237267534
"GTTCGGGAGTGTCTCA-1",0
"GTTCGGGGTAGGGTAC-1",0
"GTTCGGGGTGCAGGTA-1",0
"GTTCGGGTCCACGCAG-1",13.4018758282126
"GTTCGGGTCTACTTAC-1",0
"GTTCTCGAGACCACGA-1",0
"GTTCTCGAGCGATGAC-1",15.1983005427252
"GTTCTCGAGGCCATAG-1",13.0157167330767
"GTTCTCGCATCGGACC-1",0
"GTTCTCGGTAAGGGAA-1",14.5487509226882
"GTTCTCGGTAGCGTAG-1",16.2124058316146
"GTTCTCGGTCCGTGAC-1",18.0128925939808
"GTTCTCGGTGTTAAGA-1",18.7849693261772
"GTTCTCGTCAACGCTA-1",0
"GTTCTCGTCCTGTACC-1",0
"GTTTCTACAAACCTAC-1",12.7922110457526
"GTTTCTACAAGAAAGG-1",14.4989264879985
"GTTTCTAGTGTTGGGA-1",20.7467872640679
"GTTTCTATCCCAACGG-1",20.4701045652204
"GTTTCTATCCGTAGTA-1",12.0666818726274
"GTTTCTATCGGCATCG-1",15.3092319919461
"TAAACCGGTACTTAGC-1",18.0974631300968
"TAAACCGTCACTCTTA-1",16.2951093688778
"TAAACCGTCAGGCGAA-1",0
"TAAACCGTCCGTTGTC-1",19.3664540426624
"TAAACCGTCTTCCTTC-1",25.3753974489706
"TAAGAGACAAGTTGTC-1",16.4654047451899
"TAAGAGAGTATATCCG-1",16.9788141395086
"TAAGAGATCAATCACG-1",0
"TAAGAGATCTAACGGT-1",14.6616790542133
"TAAGAGATCTTTCCTC-1",13.0157167330767
"TAAGCGTAGTGGACGT-1",0
"TAAGCGTAGTGTCTCA-1",0
"TAAGCGTCAGCTTCGG-1",18.9343570449203
"TAAGCGTCAGGTGGAT-1",0
"TAAGCGTGTCCTGCTT-1",16.133896221106
"TAAGCGTGTGCCTGGT-1",0
"TAAGCGTGTTGTTTGG-1",12.3113721612095
"TAAGCGTTCCTCATTA-1",18.6106312313932
"TAAGCGTTCGGCGCAT-1",0
"TAAGCGTTCTCGCATC-1",0
"TAAGTGCAGGCTAGGT-1",0
"TAAGTGCAGTAGCGGT-1",0
"TAAGTGCCAACGCACC-1",0
"TAAGTGCCATACAGCT-1",0
"TAAGTGCGTAAACACA-1",0
"TAAGTGCGTCTCACCT-1",0
"TAAGTGCGTTCAGACT-1",15.7897413570932
"TAAGTGCTCACCCTCA-1",13.3085558092503
"TAAGTGCTCACTGGGC-1",0
"TAAGTGCTCTGGCGTG-1",0
"TACACGACACCCATTC-1",0
"TACACGAGTGATAAAC-1",0
"TACACGATCTGTCTCG-1",0
"TACAGTGAGATGCGAC-1",24.2118909548951
"TACAGTGAGCGTTGCC-1",16.133896221106
"TACAGTGAGTGTACGG-1",0
"TACAGTGCAGGAATCG-1",14.2200629047199
"TACAGTGCAGGTGCCT-1",12.0817509017912
"TACAGTGGTACTCAAC-1",13.7078749330362
"TACAGTGGTTGGACCC-1",0
"TACCTATAGAGCTGGT-1",20.4701045652204
"TACCTATAGAGTTGGC-1",12.4569518671334
"TACCTATAGGCTCATT-1",0
"TACCTATAGTTAGCGG-1",0
"TACCTATCAAGCTGGA-1",0
"TACCTATGTAAATGAC-1",24.2118909548951
"TACCTATGTAGAGTGC-1",0
"TACCTATGTCACCTAA-1",12.5936730211973
"TACCTATGTGTTGAGG-1",11.966762899666
"TACCTATGTTAAAGAC-1",12.5265314382573
"TACCTATTCTATGTGG-1",0
"TACCTATTCTTCCTTC-1",0
"TACCTTAAGAGGTTGC-1",0
"TACCTTAAGTCAAGCG-1",18.698183680288
"TACCTTAAGTGGTCCC-1",16.6051030783863
"TACCTTACAACTGGCC-1",0
"TACCTTACAAGGGTCA-1",16.5134965155266
"TACCTTACACTCAGGC-1",0
"TACCTTACATCTACGA-1",15.1805970879456
"TACCTTAGTAGCGTCC-1",15.4129202524493
"TACCTTAGTCTCCACT-1",0
"TACGGATAGATGGCGT-1",14.3044296306069
"TACGGATAGGTACTCT-1",14.1958716377428
"TACGGATCAGGGATTG-1",0
"TACGGATCATCACCCT-1",0
"TACGGATGTCTAGCCG-1",0
"TACGGATTCGGTGTCG-1",16.8876581553245
"TACGGATTCTACTATC-1",0
"TACGGGCAGGATGCGT-1",0
"TACGGGCAGGGAACGG-1",19.3540810823572
"TACGGGCAGTATTGGA-1",0
"TACGGGCAGTCAAGCG-1",0
"TACGGGCCAAGAAGAG-1",16.7390927456478
"TACGGGCCACCAGATT-1",17.9285298545626
"TACGGGCCATCAGTAC-1",15.4958051532974
"TACGGGCGTAAGGGCT-1",0
"TACGGGCGTCTGATTG-1",17.9109128271937
"TACGGGCGTGATGTGG-1",0
"TACGGGCTCACCTTAT-1",22.2244523037737
"TACGGGCTCAGCTCTC-1",0
"TACGGGCTCCACGAAT-1",0
"TACGGGCTCCTATTCA-1",12.368907130433
"TACGGGCTCGGTGTTA-1",0
"TACGGTAAGATATGGT-1",14.0035928107544
"TACGGTAAGCCGATTT-1",18.4497571389139
"TACGGTAAGTCATGCT-1",0
"TACGGTAAGTGCCATT-1",0
"TACGGTACACAGGCCT-1",12.4089799940867
"TACGGTACATTTCAGG-1",0
"TACGGTAGTATATCCG-1",14.6616790542134
"TACGGTAGTCACTTCC-1",19.3664540426624
"TACGGTAGTGCAGGTA-1",16.1781598288656
"TACGGTAGTGGGTATG-1",13.4309775307703
"TACGGTATCGCAGGCT-1",0
"TACGGTATCGGACAAG-1",18.5535628727385
"TACGGTATCGTTTATC-1",0
"TACTCATAGTCACGCC-1",0
"TACTCATCAATCTACG-1",13.7764089267624
"TACTCATCACGGTAGA-1",19.3540810823572
"TACTCATCACTTCTGC-1",12.6387064118119
"TACTCATCATCCGTGG-1",13.4691242350534
"TACTCATCATGTCGAT-1",0
"TACTCATGTACAGCAG-1",0
"TACTCATGTCTTCAAG-1",15.1983005427252
"TACTCATTCCTTTCTC-1",0
"TACTCGCAGGCGACAT-1",0
"TACTCGCGTCAGAAGC-1",0
"TACTCGCGTCTGATTG-1",15.5056080144145
"TACTCGCGTGTAACGG-1",14.4849117510654
"TACTCGCGTTGAGTTC-1",13.6675220363137
"TACTCGCTCAACGGGA-1",25.2743132724251
"TACTCGCTCCGAATGT-1",14.4539773031269
"TACTTACAGACTAGGC-1",0
"TACTTACAGCTGAACG-1",13.0985360731139
"TACTTACAGTACACCT-1",0
"TACTTACAGTACGCCC-1",0
"TACTTACAGTGATCGG-1",0
"TACTTACCAAGCCGTC-1",14.0035928107544
"TACTTACCACAGGTTT-1",16.2207014387372
"TACTTACTCGCGTTTC-1",14.7424432443911
"TACTTGTAGCGATATA-1",18.1465434832494
"TACTTGTAGTAATCCC-1",13.3826829220605
"TACTTGTCAAACAACA-1",0
"TACTTGTCATGCAACT-1",0
"TACTTGTGTAGCACGA-1",12.7922110457526
"TACTTGTGTATAAACG-1",13.4309775307703
"TACTTGTGTTCCACAA-1",0
"TACTTGTTCTGCAGTA-1",14.8704188210281
"TAGACCAAGAGACGAA-1",25.3753974489706
"TAGACCAAGCCTCGTG-1",0
"TAGACCAAGTCGATAA-1",22.459833939446
"TAGACCACAACACCCG-1",12.2750055961892
"TAGACCAGTAGATTAG-1",12.4336958453822
"TAGACCAGTTCATGGT-1",0
"TAGACCATCACTTCAT-1",0
"TAGACCATCGTCACGG-1",0
"TAGACCATCTCCAGGG-1",0
"TAGAGCTAGAATTCCC-1",0
"TAGAGCTAGTATTGGA-1",13.6886092692124
"TAGAGCTCACTGAAGG-1",13.1352180548438
"TAGAGCTGTACTTGAC-1",14.2077107090519
"TAGAGCTGTCTAAAGA-1",18.6106312313932
"TAGCCGGAGACTGGGT-1",0
"TAGCCGGAGTCCCACG-1",15.4129202524493
"TAGCCGGAGTGACATA-1",14.3044296306069
"TAGCCGGCAGCAGTTT-1",0
"TAGCCGGGTACAGTGG-1",18.6960277309759
"TAGCCGGGTACCATCA-1",0
"TAGCCGGGTCGCGAAA-1",24.525942880141
"TAGCCGGTCACGACTA-1",12.9326814662775
"TAGGCATAGAACTGTA-1",0
"TAGGCATAGCTAGGCA-1",0
"TAGGCATAGTCGTACT-1",15.1299024105341
"TAGGCATAGTTTAGGA-1",0
"TAGGCATCAAGCCTAT-1",16.4730311585185
"TAGGCATCAGACGCAA-1",0
"TAGGCATGTACGAAAT-1",13.2079363030901
"TAGGCATGTCCAGTTA-1",0
"TAGGCATGTTCCACTC-1",18.5535628727385
"TAGGCATTCCCTAACC-1",0
"TAGGCATTCGCTAGCG-1",0
"TAGGCATTCGTAGATC-1",0
"TAGGCATTCTTCATGT-1",0
"TAGTGGTAGATCACGG-1",17.3569585966824
"TAGTGGTAGCTGTTCA-1",14.1958716377428
"TAGTGGTCAGTATAAG-1",0
"TAGTGGTGTAGCGTAG-1",0
"TAGTGGTTCAGCATGT-1",0
"TAGTGGTTCGGCGCAT-1",11.966762899666
"TAGTGGTTCTCAAGTG-1",12.1611804484363
"TAGTGGTTCTGGGCCA-1",20.2536177898979
"TAGTGGTTCTTTAGTC-1",0
"TAGTTGGAGATAGGAG-1",15.4518760566671
"TAGTTGGCAGACGCAA-1",12.0817509017912
"TAGTTGGCATGCGCAC-1",15.3465918210626
"TAGTTGGGTATGGTTC-1",13.8151404032605
"TAGTTGGTCCGAATGT-1",16.2124058316146
"TAGTTGGTCTACTCAT-1",13.4309775307703
"TAGTTGGTCTCTAAGG-1",0
"TAGTTGGTCTGATACG-1",0
"TATCAGGAGAGTAAGG-1",0
"TATCAGGAGATCCGAG-1",0
"TATCAGGAGCAGATCG-1",0
"TATCAGGAGGTGCTTT-1",0
"TATCAGGCAACTTGAC-1",16.4252538370857
"TATCAGGCACGTTGGC-1",14.8264328878198
"TATCAGGGTCCGTTAA-1",18.0128925939808
"TATCAGGGTCTGCAAT-1",14.6346707503097
"TATCAGGGTTAAAGAC-1",20.9261127492703
"TATCAGGTCAAGATCC-1",15.0099567349532
"TATCAGGTCCACTCCA-1",13.9054722529101
"TATCAGGTCGTAGGTT-1",0
"TATCTCAAGAGTTGGC-1",0
"TATCTCAAGCCACCTG-1",14.8232300689552
"TATCTCAAGCGTAATA-1",0
"TATCTCAAGGCTAGCA-1",13.7319493896476
"TATCTCAAGTGGGCTA-1",0
"TATCTCACATGTCCTC-1",0
"TATCTCAGTAACGACG-1",18.0163460796527
"TATCTCAGTACCTACA-1",13.9776223958617
"TATCTCAGTACGACCC-1",13.7840770245309
"TATCTCAGTCAATGTC-1",0
"TATCTCATCAAGCCTA-1",0
"TATGCCCAGAAACCGC-1",14.0035928107544
"TATGCCCAGGTAGCTG-1",12.7261581275892
"TATGCCCCAATGGAAT-1",0
"TATGCCCCACTTAACG-1",13.4309775307703
"TATGCCCCATGTTCCC-1",13.2648217737871
"TATGCCCGTAGCCTCG-1",12.4123164780163
"TATGCCCGTATAGGGC-1",0
"TATGCCCGTATGAAAC-1",0
"TATGCCCGTCGCCATG-1",22.8739626785248
"TATGCCCGTGCCTTGG-1",0
"TATGCCCGTTAAGATG-1",0
"TATGCCCGTTGGTGGA-1",15.2685039295249
"TATGCCCGTTTAGGAA-1",0
"TATTACCAGAGAGCTC-1",0
"TATTACCAGCAAATCA-1",16.9487761692372
"TATTACCAGCCCGAAA-1",15.9810868501037
"TATTACCAGTATCTCG-1",0
"TATTACCCAAAGTGCG-1",0
"TATTACCCAGACAAGC-1",0
"TATTACCCAGTCAGCC-1",0
"TATTACCCATAAAGGT-1",16.133896221106
"TATTACCCATCTACGA-1",0
"TATTACCGTCCAGTAT-1",17.8638645698855
"TCAACGAAGCCGATTT-1",15.6695547287161
"TCAACGAAGCGATGAC-1",20.2891360926929
"TCAACGAAGGCATGTG-1",0
"TCAACGAAGTAGTGCG-1",17.4140515260551
"TCAACGACACCAGGCT-1",18.6106312313932
"TCAACGACATGCCTTC-1",24.2118909548951
"TCAACGAGTTACCAGT-1",12.8190378538932
"TCAACGAGTTCCATGA-1",14.3495270205823
"TCAACGAGTTCTGGTA-1",18.2890445377948
"TCAACGATCAGTCCCT-1",14.4849117510654
"TCAACGATCTGTGCAA-1",12.6065416803146
"TCAATCTAGATCCCGC-1",0
"TCAATCTCACAAGCCC-1",0
"TCAATCTCACAGCCCA-1",13.9427235005656
"TCAATCTCATGACGGA-1",13.3826829220605
"TCAATCTCATTTGCTT-1",0
"TCAATCTGTAGTGAAT-1",0
"TCAATCTGTTAGATGA-1",11.9476479560247
"TCAATCTTCAGATAAG-1",0
"TCAATCTTCATGTCCC-1",13.4309775307703
"TCACAAGAGACTGGGT-1",16.9487761692372
"TCACAAGAGAGAGCTC-1",0
"TCACAAGAGGCCCTCA-1",0
"TCACAAGAGGTGGGTT-1",15.4145612053797
"TCACAAGAGTAGATGT-1",0
"TCACAAGCAGTATGCT-1",0
"TCACAAGCATAACCTG-1",0
"TCACAAGCATGACATC-1",14.0035928107544
"TCACAAGGTCAGATAA-1",13.2648217737871
"TCACAAGGTGTGGTTT-1",17.9833385561725
"TCACAAGTCATCATTC-1",0
"TCACAAGTCATGCATG-1",0
"TCACGAAAGCTCCTTC-1",0
"TCACGAAAGGTGCTTT-1",0
"TCACGAAAGTCTCGGC-1",17.8301815584242
"TCACGAACACAAGACG-1",13.4866530062393
"TCACGAACACTGTCGG-1",0
"TCACGAAGTGGTCCGT-1",13.6886092692124
"TCACGAAGTTGGTGGA-1",12.2750055961892
"TCACGAATCATGCAAC-1",12.7916237267534
"TCACGAATCCCGACTT-1",0
"TCACGAATCCTCGCAT-1",12.8337550554174
"TCACGAATCGTCACGG-1",12.1611804484363
"TCAGATGAGGTGCACA-1",13.4275504967376
"TCAGATGGTCTTGTCC-1",14.0176358943412
"TCAGATGGTGCCTGCA-1",0
"TCAGATGGTGCTGTAT-1",23.6925876279498
"TCAGATGTCAGTTTGG-1",12.4336958453822
"TCAGATGTCGCATGAT-1",0
"TCAGATGTCTCCTATA-1",0
"TCAGCAAAGGAGTCTG-1",15.9157961419516
"TCAGCAAAGGCTCATT-1",13.4996258817302
"TCAGCAAAGTACGACG-1",0
"TCAGCAAAGTGGCACA-1",22.0250510439287
"TCAGCAACACGCATCG-1",0
"TCAGCAAGTACCGGCT-1",15.5497423460182
"TCAGCAATCAGCGATT-1",14.4274866519385
"TCAGCAATCGGAAACG-1",15.3518480274788
"TCAGCAATCTTCAACT-1",0
"TCAGCTCAGGTGTTAA-1",0
"TCAGCTCAGTATGACA-1",16.468230511247
"TCAGCTCCAATCTGCA-1",17.3569585966824
"TCAGCTCCACGGTTTA-1",0
"TCAGCTCGTAATAGCA-1",0
"TCAGCTCGTCCGTCAG-1",13.0985360731139
"TCAGCTCGTTCACGGC-1",0
"TCAGCTCTCACGATGT-1",19.9066191360715
"TCAGCTCTCATGCATG-1",18.4497571389139
"TCAGCTCTCCTAAGTG-1",17.6942769871924
"TCAGCTCTCTCGTATT-1",17.7887771688115
"TCAGGATAGACAGAGA-1",0
"TCAGGATAGATATGGT-1",12.6387064118119
"TCAGGATCAAACGTGG-1",18.0128925939808
"TCAGGATCAAGTTCTG-1",15.1983005427252
"TCAGGATCACGGTGTC-1",14.4989264879985
"TCAGGATCACTGTGTA-1",20.9261127492703
"TCAGGATCAGCATACT-1",17.2564569964551
"TCAGGATCATCTGGTA-1",0
"TCAGGATGTAAGCACG-1",0
"TCAGGATGTGGCCCTA-1",16.9698609232355
"TCAGGATTCCGATATG-1",14.146667432331
"TCAGGATTCTCGATGA-1",0
"TCAGGTAAGATGGCGT-1",0
"TCAGGTAAGTGTTTGC-1",0
"TCAGGTACACAAGTAA-1",12.2109853699819
"TCAGGTACACAGAGGT-1",20.9261127492703
"TCAGGTACAGCTGCTG-1",0
"TCAGGTAGTAAACGCG-1",12.4336958453822
"TCATTACAGAAACCAT-1",0
"TCATTACAGGAGTTGC-1",0
"TCATTACAGTTGCAGG-1",0
"TCATTACCACATCCAA-1",12.2750055961892
"TCATTACCAGTCAGCC-1",0
"TCATTACGTACGCACC-1",13.8359940083598
"TCATTACGTCTAGAGG-1",0
"TCATTACGTGAAGGCT-1",0
"TCATTACGTTCTGTTT-1",17.3569585966824
"TCATTACTCATCGATG-1",0
"TCATTTGAGCCAGTTT-1",16.9698609232355
"TCATTTGCACGTCTCT-1",21.5210025520216
"TCATTTGCAGTTAACC-1",0
"TCATTTGTCCAGAGGA-1",0
"TCATTTGTCCCTTGCA-1",0
"TCATTTGTCCGTCAAA-1",0
"TCATTTGTCGCTAGCG-1",12.3798476062387
"TCATTTGTCGTACGGC-1",15.8873245313367
"TCATTTGTCTCTGCTG-1",0
"TCCACACCAAAGAATC-1",0
"TCCACACCACGCCAGT-1",13.9907479342972
"TCCACACGTACAGCAG-1",13.0043423118963
"TCCACACGTAGCCTAT-1",15.1412206737755
"TCCACACGTCATCGGC-1",12.4336958453822
"TCCACACGTGACCAAG-1",16.9698609232355
"TCCACACGTGCGAAAC-1",0
"TCCACACTCAACACCA-1",14.0541410253838
"TCCACACTCCAGTATG-1",0
"TCCACACTCCCATTTA-1",0
"TCCACACTCGAACTGT-1",0
"TCCCGATAGAAGAAGC-1",13.5546752035365
"TCCCGATAGCACAGGT-1",0
"TCCCGATAGCCGGTAA-1",12.88954025986
"TCCCGATCAAGGTTCT-1",18.0974631300968
"TCCCGATCAGCCAATT-1",0
"TCCCGATCATCCAACA-1",0
"TCCCGATGTAAGGATT-1",18.4505627977061
"TCCCGATGTCAATACC-1",0
"TCCCGATTCAGAAATG-1",16.133896221106
"TCCCGATTCAGTCCCT-1",0
"TCCCGATTCATCTGTT-1",17.155568368993
"TCCCGATTCCCTAATT-1",15.7835032080517
"TCCCGATTCTGGAGCC-1",0
"TCGAGGCAGCGATGAC-1",0
"TCGAGGCAGTGTTTGC-1",0
"TCGAGGCCAAAGAATC-1",0
"TCGAGGCCAAGTTCTG-1",0
"TCGAGGCCAGTAACGG-1",19.0104513162503
"TCGAGGCGTATATCCG-1",19.219861380754
"TCGAGGCTCGCAAGCC-1",0
"TCGAGGCTCTTGAGAC-1",0
"TCGAGGCTCTTTCCTC-1",15.2319065010113
"TCGCGAGAGACAAAGG-1",0
"TCGCGAGAGTGAATTG-1",0
"TCGCGAGCAAGCGTAG-1",0
"TCGCGAGCACCGAATT-1",0
"TCGCGAGCAGTAAGAT-1",13.6842969812094
"TCGCGAGTCCACGAAT-1",15.7835032080517
"TCGCGAGTCTAGCACA-1",18.1465434832494
"TCGCGAGTCTCTAGGA-1",0
"TCGCGAGTCTTCATGT-1",0
"TCGCGTTAGTGGGCTA-1",13.6864660507015
"TCGCGTTCACAGGCCT-1",0
"TCGCGTTCATCACAAC-1",0
"TCGCGTTCATCTCGCT-1",0
"TCGCGTTGTTCACCTC-1",0
"TCGCGTTTCAAGATCC-1",0
"TCGCGTTTCAGGTAAA-1",13.3826829220605
"TCGCGTTTCATTCACT-1",13.7388759947039
"TCGCGTTTCCTGTACC-1",0
"TCGCGTTTCGCCCTTA-1",12.6225787625619
"TCGGGACCACACATGT-1",0
"TCGGGACTCCTTGCCA-1",0
"TCGGGACTCTGCGGCA-1",15.0744327536786
"TCGGGACTCTTGTCAT-1",18.142836112425
"TCGGTAAAGACAGGCT-1",0
"TCGGTAAAGCTCAACT-1",12.0554974460616
"TCGGTAACAAGCTGAG-1",0
"TCGGTAACAGGAATGC-1",15.3375566061625
"TCGGTAAGTATATGGA-1",12.0893629349967
"TCGGTAAGTCTAGTCA-1",0
"TCGGTAATCCCGGATG-1",19.9066191360715
"TCGTACCAGCAGGCTA-1",0
"TCGTACCAGTTTCCTT-1",0
"TCGTACCGTTTGCATG-1",16.6341123123308
"TCGTACCTCGGGAGTA-1",13.188330666905
"TCGTAGAAGCTAACTC-1",0
"TCGTAGAAGGCGACAT-1",14.0035928107544
"TCGTAGAAGGGAACGG-1",0
"TCGTAGAAGTCCATAC-1",0
"TCGTAGACAATCCAAC-1",16.7390927456478
"TCGTAGACACTCAGGC-1",14.5014836679789
"TCGTAGAGTATGAATG-1",0
"TCGTAGAGTGAGCGAT-1",0
"TCGTAGAGTGTGTGCC-1",17.7004946056563
"TCGTAGAGTTCAACCA-1",13.2675235566373
"TCGTAGAGTTCCATGA-1",16.8876581553245
"TCGTAGATCCAAGCCG-1",17.2173613624784
"TCGTAGATCTTAGCCC-1",0
"TCTATTGAGCGATTCT-1",0
"TCTATTGAGTGCCATT-1",12.3113721612095
"TCTATTGCACATCTTT-1",0
"TCTATTGGTAAGTGTA-1",0
"TCTATTGGTCCAACTA-1",13.813892775549
"TCTATTGGTCTGCCAG-1",0
"TCTATTGGTTGCTCCT-1",0
"TCTATTGTCGGCGCTA-1",15.4145612053797
"TCTCATAAGCTAAACA-1",19.905554403804
"TCTCATAAGCTAGTCT-1",17.2060792650396
"TCTCATAAGTGCCATT-1",0
"TCTCATAGTACCGGCT-1",14.3495270205823
"TCTCATAGTGTAAGTA-1",20.9345295134577
"TCTCATATCAAGCCTA-1",12.0042636145505
"TCTCATATCACCTTAT-1",0
"TCTCATATCCTGTACC-1",13.1681566110149
"TCTCTAAAGACCGGAT-1",0
"TCTCTAAAGGGTGTTG-1",25.0996413662013
"TCTCTAACAGCCTATA-1",0
"TCTCTAAGTCCAGTAT-1",13.8965481128167
"TCTCTAAGTCCATGAT-1",13.1681566110149
"TCTCTAAGTCTCATCC-1",19.4511287693794
"TCTCTAAGTGGAAAGA-1",0
"TCTCTAATCAAACCAC-1",0
"TCTCTAATCACAGGCC-1",0
"TCTCTAATCACATACG-1",0
"TCTCTAATCCGTAGGC-1",0
"TCTCTAATCGTATCAG-1",24.2118909548951
"TCTGAGACAAACCTAC-1",19.5913751446537
"TCTGAGACAGAGTGTG-1",0
"TCTGAGAGTAAGGGAA-1",0
"TCTGAGATCCTTGACC-1",0
"TCTGAGATCTATCCTA-1",0
"TCTGGAAAGCGATGAC-1",20.5510061457403
"TCTGGAAAGCTCTCGG-1",0
"TCTGGAAAGGAGCGAG-1",0
"TCTGGAACACAAGACG-1",0
"TCTGGAACACACTGCG-1",0
"TCTGGAACACTTCTGC-1",15.0967285332316
"TCTGGAAGTGAGTATA-1",0
"TCTTCGGAGGTTCCTA-1",12.4336958453822
"TCTTCGGAGTTCGATC-1",0
"TCTTCGGCAAAGCAAT-1",0
"TCTTCGGCAAAGGTGC-1",14.0176358943412
"TCTTCGGCAATAGCAA-1",0
"TCTTCGGCAATGTAAG-1",17.6942769871924
"TCTTCGGCACACCGAC-1",13.112928755688
"TCTTCGGCAGCCAATT-1",17.089244696173
"TCTTCGGGTCATTAGC-1",0
"TCTTCGGTCGTAGGTT-1",0
"TCTTCGGTCTCTAAGG-1",0
"TCTTTCCAGAGAGCTC-1",0
"TCTTTCCAGTCATCCA-1",0
"TCTTTCCCATCTCCCA-1",0
"TCTTTCCGTAATCACC-1",0
"TCTTTCCGTAGTACCT-1",0
"TCTTTCCTCACAACGT-1",17.155568368993
"TCTTTCCTCAGCTGGC-1",0
"TCTTTCCTCCAAGTAC-1",0
"TCTTTCCTCCTCGCAT-1",14.3044296306069
"TGAAAGAAGCTAAGAT-1",20.9345295134577
"TGAAAGACAAGCCGTC-1",0
"TGAAAGACACATTCGA-1",12.0909081626746
"TGAAAGACATGAGCGA-1",0
"TGAAAGAGTCTAGCGC-1",19.9066191360715
"TGAAAGAGTCTCATCC-1",12.0666818726274
"TGAAAGATCCCGACTT-1",0
"TGAAAGATCTATGTGG-1",14.5946435538966
"TGACAACCAAGCGAGT-1",0
"TGACAACGTAGGGACT-1",13.1888901685346
"TGACAACGTGCGCTTG-1",0
"TGACAACGTGGTTTCA-1",0
"TGACAACTCACAAACC-1",0
"TGACAACTCCACGTGG-1",0
"TGACAACTCGAATGCT-1",13.6851272197761
"TGACGGCAGCGCCTCA-1",0
"TGACGGCAGGCTCAGA-1",0
"TGACGGCAGTCAAGCG-1",0
"TGACGGCCACAGACTT-1",0
"TGACGGCGTCATCCCT-1",12.8342478943648
"TGACGGCTCAGGCGAA-1",0
"TGACGGCTCCACTGGG-1",0
"TGACTAGAGACCCACC-1",0
"TGACTAGAGGGCATGT-1",12.6748851427053
"TGACTAGAGTCTCAAC-1",0
"TGACTAGAGTTGAGAT-1",14.2321306458366
"TGACTAGCAGCATACT-1",13.3591694674467
"TGACTAGCAGTCAGAG-1",0
"TGACTAGCATTTCACT-1",0
"TGACTAGGTAAATACG-1",21.0351782666251
"TGACTAGGTGAAAGAG-1",16.9698609232355
"TGACTAGGTGCAGTAG-1",17.9109128271937
"TGACTAGTCATGCATG-1",12.8912189608696
"TGACTAGTCCATGCTC-1",18.5489002257572
"TGACTAGTCTGTTGAG-1",0
"TGACTTTAGAACAATC-1",14.1561285785181
"TGACTTTAGTCTCGGC-1",11.9458807945713
"TGACTTTAGTTAGGTA-1",23.1073961034748
"TGACTTTCAGTCCTTC-1",0
"TGACTTTCATTATCTC-1",0
"TGACTTTGTCACACGC-1",15.3465918210626
"TGACTTTTCCTCAATT-1",0
"TGACTTTTCTGCCCTA-1",13.6886092692124
"TGAGAGGAGGCTCATT-1",11.9946073905911
"TGAGAGGCAAAGTCAA-1",0
"TGAGAGGCAAGCCATT-1",0
"TGAGAGGCACCATGTA-1",18.0884361094351
"TGAGAGGGTCACTGGC-1",0
"TGAGAGGGTCTAAACC-1",0
"TGAGAGGTCGAACTGT-1",0
"TGAGAGGTCGCGTTTC-1",16.4023975176093
"TGAGAGGTCTGACCTC-1",0
"TGAGCATAGAAACGAG-1",17.9202037079117
"TGAGCATAGAAGCCCA-1",0
"TGAGCATAGATGTCGG-1",14.4989264879985
"TGAGCATAGGAATGGA-1",0
"TGAGCATCACCAGGCT-1",12.0666818726274
"TGAGCATCAGATGAGC-1",13.7468883567383
"TGAGCATCAGCGTAAG-1",0
"TGAGCATCAGCTGTAT-1",12.1046688769676
"TGAGCATGTGGCCCTA-1",15.7835032080517
"TGAGCATTCCACGTTC-1",12.0554974460616
"TGAGCATTCCGATATG-1",0
"TGAGCATTCGGCCGAT-1",15.9894589963054
"TGAGCCGCATCGGGTC-1",0
"TGAGCCGGTCGAACAG-1",15.0744327536786
"TGAGCCGGTGTAATGA-1",16.0036678750467
"TGAGCCGGTTGATTCG-1",16.4865120591201
"TGAGCCGTCATCTGCC-1",0
"TGAGCCGTCGTCACGG-1",0
"TGAGCCGTCTTGAGGT-1",0
"TGAGGGAAGAGACTAT-1",0
"TGAGGGAAGGAGTACC-1",20.2105664471322
"TGAGGGAAGTCATCCA-1",0
"TGAGGGAAGTCATGCT-1",16.9656474397912
"TGAGGGACACCAGTTA-1",0
"TGAGGGACATAAGACA-1",14.9452727844324
"TGAGGGAGTAAACGCG-1",24.5654723805444
"TGAGGGAGTTAGGGTG-1",0
"TGAGGGATCAACGGGA-1",0
"TGAGGGATCTAGCACA-1",14.2321306458366
"TGAGGGATCTCTTATG-1",0
"TGATTTCCATCCGGGT-1",14.2004160983036
"TGATTTCGTAGGCATG-1",13.5495762859396
"TGATTTCGTTAAGACA-1",0
"TGATTTCTCTGATTCT-1",0
"TGCACCTAGACCTTTG-1",13.4040133914113
"TGCACCTAGGACGAAA-1",0
"TGCACCTCAAGTTGTC-1",0
"TGCACCTCAATAGAGT-1",0
"TGCACCTCATCCGGGT-1",13.7388759947039
"TGCACCTGTAATCACC-1",0
"TGCACCTGTCACACGC-1",14.2077107090519
"TGCACCTTCACGGTTA-1",0
"TGCACCTTCATCGGAT-1",0
"TGCACCTTCCGCGGTA-1",0
"TGCACCTTCGAACTGT-1",0
"TGCACCTTCTCTTGAT-1",0
"TGCCAAACAATGTAAG-1",0
"TGCCAAACAATTCCTT-1",14.0035928107544
"TGCCAAAGTTCGCGAC-1",0
"TGCCAAATCCAAACTG-1",19.5913751446537
"TGCCAAATCCCTGACT-1",0
"TGCCAAATCGGCGGTT-1",12.6225787625619
"TGCCCATAGACTAGGC-1",14.0068454314282
"TGCCCATAGCGTCAAG-1",19.6972343289
"TGCCCATAGCGTGAAC-1",14.3044296306069
"TGCCCATAGCTGTTCA-1",0
"TGCCCATAGGATGGAA-1",0
"TGCCCATAGTACGCCC-1",17.2173613624784
"TGCCCATAGTTGAGTA-1",0
"TGCCCATCACCAGGTC-1",23.0033607664525
"TGCCCATCACGAAATA-1",13.2675235566373
"TGCCCATCAGGACGTA-1",0
"TGCCCATCATGGAATA-1",0
"TGCCCATCATGGATGG-1",15.3465918210626
"TGCCCATGTAGCCTCG-1",23.0387560767056
"TGCCCATTCAAACCGT-1",0
"TGCCCATTCAGGCCCA-1",0
"TGCCCATTCCTTCAAT-1",22.1471594944997
"TGCCCATTCGGAAATA-1",0
"TGCCCTAAGGTCGGAT-1",0
"TGCCCTAAGGTTCCTA-1",13.5495762859396
"TGCCCTACACCACCAG-1",17.089244696173
"TGCCCTACAGCCACCA-1",0
"TGCCCTACAGTGAGTG-1",0
"TGCCCTAGTCCGAGTC-1",0
"TGCCCTAGTGGTTTCA-1",0
"TGCCCTAGTTTCGCTC-1",18.2890445377948
"TGCCCTATCGACGGAA-1",15.1195851287333
"TGCCCTATCTTCGGTC-1",14.078081017456
"TGCGCAGAGACTAGGC-1",17.9109128271937
"TGCGCAGAGCACACAG-1",17.7120573976054
"TGCGCAGAGCGTCTAT-1",0
"TGCGCAGAGGAGCGAG-1",0
"TGCGCAGCAAACGTGG-1",20.9261127492703
"TGCGCAGCAGCTCGCA-1",0
"TGCGCAGCAGTAGAGC-1",0
"TGCGCAGTCCTACAGA-1",0
"TGCGGGTAGAGACTTA-1",24.3385532856185
"TGCGGGTAGATCGATA-1",12.4336958453822
"TGCGGGTAGCTCTCGG-1",0
"TGCGGGTAGGTGTGGT-1",12.6065416803146
"TGCGGGTAGTACTTGC-1",14.2634848937301
"TGCGGGTCAATGGAAT-1",14.8232300689552
"TGCGGGTCACACGCTG-1",0
"TGCGGGTCATTGGGCC-1",0
"TGCGGGTGTAGAAAGG-1",12.8912189608696
"TGCGGGTGTCACCTAA-1",0
"TGCGGGTGTCAGATAA-1",0
"TGCGGGTGTTAGAACA-1",13.3826829220605
"TGCGGGTTCAGTTCGA-1",0
"TGCGGGTTCGTAGATC-1",17.9573590780792
"TGCGGGTTCTCTTGAT-1",23.0387560767056
"TGCGTGGAGACGCAAC-1",0
"TGCGTGGAGACTGGGT-1",0
"TGCGTGGCAATTCCTT-1",18.9343570449203
"TGCGTGGGTGCACCAC-1",0
"TGCGTGGTCCGCGCAA-1",18.6106312313932
"TGCGTGGTCGCCCTTA-1",19.1853291460388
"TGCGTGGTCTGGCGAC-1",0
"TGCTACCAGAAAGTGG-1",0
"TGCTACCAGATGGCGT-1",15.7835032080517
"TGCTACCAGCAAATCA-1",15.459969371707
"TGCTACCAGTCCGTAT-1",0
"TGCTACCCAAGAGGCT-1",0
"TGCTACCCACTTAACG-1",24.1294239031078
"TGCTACCCATCGTCGG-1",14.2011878277741
"TGCTACCCATGGTTGT-1",0
"TGCTACCGTGTGACGA-1",15.4145612053797
"TGCTACCTCCTCGCAT-1",16.9487761692372
"TGCTACCTCTTCTGGC-1",0
"TGCTGCTAGACTAAGT-1",0
"TGCTGCTAGGTGATAT-1",15.4129202524493
"TGCTGCTCAATAGAGT-1",17.4506755085898
"TGCTGCTCACAGACAG-1",18.0128925939808
"TGCTGCTCATCCCATC-1",0
"TGCTGCTCATGGTTGT-1",24.5654723805444
"TGCTGCTGTCATACTG-1",0
"TGCTGCTGTGAAGGCT-1",0
"TGCTGCTTCATTGCGA-1",0
"TGGACGCAGAGGTACC-1",23.0033607664525
"TGGACGCAGTCAAGGC-1",0
"TGGACGCCACAGAGGT-1",0
"TGGACGCCATGGTAGG-1",14.3495270205823
"TGGACGCGTCCGAACC-1",0
"TGGACGCGTCTCCCTA-1",11.9458807945713
"TGGCCAGAGAAGGTGA-1",14.2077107090519
"TGGCCAGAGAGTACAT-1",0
"TGGCCAGAGGCGATAC-1",13.5546752035365
"TGGCCAGAGGCGTACA-1",0
"TGGCCAGCAACTGCGC-1",0
"TGGCCAGCACGACTCG-1",0
"TGGCCAGGTCAATACC-1",16.6341123123308
"TGGCCAGTCGTAGATC-1",21.0351782666251
"TGGCCAGTCTATCCCG-1",16.4654047451899
"TGGCGCAAGCTACCTA-1",0
"TGGCGCAAGCTATGCT-1",0
"TGGCGCAAGTGTGGCA-1",0
"TGGCGCAAGTTACCCA-1",25.5659698124078
"TGGCGCACACAGGCCT-1",17.2564569964551
"TGGCGCACACGGATAG-1",0
"TGGCGCACAGCGATCC-1",16.9000681608465
"TGGCGCACATAGGATA-1",0
"TGGCGCAGTACTCTCC-1",14.0035928107544
"TGGCGCAGTGGACGAT-1",16.8876581553245
"TGGCGCAGTTATGTGC-1",0
"TGGCGCATCAAGAAGT-1",16.6341123123308
"TGGCGCATCATGCTCC-1",20.4701045652204
"TGGCGCATCATGTGGT-1",17.8301815584242
"TGGCGCATCATTATCC-1",12.5936730211973
"TGGCGCATCGTGGTCG-1",0
"TGGCTGGAGCGGATCA-1",12.1195455944647
"TGGCTGGAGTGCAAGC-1",0
"TGGCTGGCAAGTTAAG-1",16.9985694454887
"TGGCTGGCACGGATAG-1",0
"TGGCTGGCAGGAACGT-1",0
"TGGCTGGGTCGAGTTT-1",12.4569518671334
"TGGCTGGGTCGGCATC-1",0
"TGGCTGGGTCTAGCCG-1",0
"TGGCTGGGTTACGCGC-1",12.1872417932478
"TGGCTGGGTTGGACCC-1",0
"TGGCTGGTCTCGTTTA-1",16.4730311585185
"TGGGAAGAGATATACG-1",21.7085210534995
"TGGGAAGAGCCCAATT-1",13.5522035246949
"TGGGAAGAGCGCTCCA-1",13.2145589669009
"TGGGAAGAGGGCTTCC-1",0
"TGGGAAGAGTAAGTAC-1",16.8876581553245
"TGGGAAGAGTTAACGA-1",12.4569518671334
"TGGGAAGCAAGGTGTG-1",22.0912934958075
"TGGGAAGCAGATCCAT-1",14.0068454314282
"TGGGAAGCAGCGAACA-1",0
"TGGGAAGGTAAGTTCC-1",0
"TGGGAAGGTTAGATGA-1",11.9458807945713
"TGGGAAGGTTATTCTC-1",14.0035928107544
"TGGGAAGTCCCAAGAT-1",0
"TGGGAAGTCCTTCAAT-1",0
"TGGGAAGTCGTGGACC-1",13.8359940083598
"TGGGAAGTCTCCTATA-1",15.3092319919461
"TGGGCGTAGTCTCCTC-1",12.8390985155206
"TGGGCGTCAGACGTAG-1",17.4506755085898
"TGGGCGTCAGGGATTG-1",14.3044296306069
"TGGGCGTGTCCAAGTT-1",19.4852441923155
"TGGGCGTGTCTAGAGG-1",12.6748851427053
"TGGGCGTGTGGCTCCA-1",14.838218845597
"TGGGCGTGTTTCGCTC-1",0
"TGGGCGTTCAGCTTAG-1",0
"TGGTTAGAGCTACCTA-1",0
"TGGTTAGAGTTAGGTA-1",0
"TGGTTAGGTGATGATA-1",13.6913909461597
"TGGTTAGGTTCACGGC-1",13.4018758282126
"TGGTTAGTCCCGACTT-1",0
"TGGTTAGTCTTGTATC-1",0
"TGGTTCCAGCCGTCGT-1",0
"TGGTTCCAGTAATCCC-1",0
"TGGTTCCCAAGTTGTC-1",13.4866530062393
"TGGTTCCCAGACAAAT-1",0
"TGGTTCCCAGACAGGT-1",17.3569585966825
"TGGTTCCCAGCTCGAC-1",0
"TGGTTCCCATGTCCTC-1",13.6346668630859
"TGGTTCCCATTTCACT-1",0
"TGGTTCCGTCCAAGTT-1",0
"TGGTTCCTCACATACG-1",0
"TGGTTCCTCAGCTTAG-1",0
"TGGTTCCTCTAACTTC-1",0
"TGGTTCCTCTAGAGTC-1",13.8359940083598
"TGGTTCCTCTGGGCCA-1",0
"TGTATTCAGCCCGAAA-1",0
"TGTATTCAGCGATCCC-1",13.9776223958617
"TGTATTCCAGGGCATA-1",0
"TGTATTCGTAAGAGAG-1",0
"TGTATTCGTTTGTTTC-1",0
"TGTATTCTCAGCATGT-1",14.2077107090519
"TGTATTCTCATCTGTT-1",0
"TGTCCCAAGCAGATCG-1",16.8876581553245
"TGTCCCAAGCTAGTTC-1",0
"TGTCCCAAGCTGAACG-1",0
"TGTCCCAAGTTGTCGT-1",0
"TGTCCCACAGTAAGCG-1",14.5014836679789
"TGTCCCACATCACGTA-1",0
"TGTCCCAGTAAGAGGA-1",0
"TGTCCCAGTAAGTGGC-1",0
"TGTCCCAGTCGGATCC-1",12.230595962593
"TGTCCCATCATTTGGG-1",0
"TGTCCCATCTGCAAGT-1",12.4918938118879
"TGTCCCATCTGCGTAA-1",17.3569585966824
"TGTGGTAGTCCCGACA-1",18.9343570449203
"TGTGGTAGTGTGAAAT-1",0
"TGTGGTAGTGTGACGA-1",16.0036678750467
"TGTGGTATCCAGGGCT-1",0
"TGTGGTATCTTGCATT-1",16.4865120591201
"TGTGTTTAGAGGTTAT-1",15.3092319919461
"TGTGTTTAGCGTGAGT-1",18.2890445377948
"TGTGTTTAGTGCGTGA-1",14.0176358943412
"TGTGTTTCATGCGCAC-1",0
"TGTGTTTTCTCATTCA-1",0
"TGTGTTTTCTTTCCTC-1",12.5936730211973
"TGTTCCGAGAGCAATT-1",13.4337212601148
"TGTTCCGAGCAACGGT-1",13.176338304595
"TGTTCCGAGGAATTAC-1",17.1087252156273
"TGTTCCGAGGACTGGT-1",0
"TGTTCCGCAGTGAGTG-1",18.2890445377948
"TGTTCCGGTGAGTATA-1",0
"TGTTCCGTCAAGCCTA-1",17.089244696173
"TGTTCCGTCAGTTCGA-1",18.6960277309759
"TGTTCCGTCGGCGGTT-1",15.0250512598262
"TGTTCCGTCTGAAAGA-1",13.3085558092503
"TGTTCCGTCTGGTATG-1",15.9265117921017
"TTAACTCAGTGTACGG-1",23.2725021361905
"TTAACTCCAAGCGCTC-1",17.3569585966824
"TTAACTCCAGGCAGTA-1",0
"TTAACTCGTTCCACAA-1",0
"TTAACTCTCATAAAGG-1",18.142836112425
"TTAACTCTCCCTCAGT-1",0
"TTAGGACAGCAGGCTA-1",16.1440232831511
"TTAGGACAGCTCTCGG-1",13.0043423118963
"TTAGGACCAAGCCATT-1",0
"TTAGGACCAGTCAGAG-1",0
"TTAGGACGTTTGTTTC-1",19.1853291460388
"TTAGGCAAGAAGATTC-1",0
"TTAGGCAAGAGCCCAA-1",0
"TTAGGCAAGAGTGACC-1",0
"TTAGGCAAGGTTCCTA-1",0
"TTAGGCAAGTCGTTTG-1",0
"TTAGGCAAGTGTACCT-1",0
"TTAGGCACAGACGCTC-1",14.2321306458366
"TTAGGCACATGTTCCC-1",23.0033607664525
"TTAGGCAGTAAGGATT-1",0
"TTAGGCAGTAAGTAGT-1",0
"TTAGGCAGTCTTGATG-1",0
"TTAGGCATCACGCATA-1",18.9010650277125
"TTAGGCATCAGTCAGT-1",0
"TTAGGCATCCAGTATG-1",16.7390927456478
"TTAGGCATCGTTACGA-1",11.966762899666
"TTAGTTCAGGTGCAAC-1",14.1119679576302
"TTAGTTCCAATGTAAG-1",0
"TTAGTTCCATCCTTGC-1",0
"TTAGTTCGTAGCCTAT-1",20.2507905899843
"TTAGTTCGTGCAGACA-1",0
"TTAGTTCGTGTCAATC-1",13.9907479342972
"TTAGTTCGTTGCCTCT-1",17.8514744358471
"TTAGTTCTCAGGCCCA-1",16.9698609232355
"TTAGTTCTCGCAGGCT-1",12.0666818726274
"TTAGTTCTCTACTATC-1",23.6925876279498
"TTATGCTAGAATGTGT-1",22.0087661607089
"TTATGCTAGCACACAG-1",12.0554974460616
"TTATGCTAGCAGCCTC-1",13.6675220363137
"TTATGCTAGTCCCACG-1",0
"TTATGCTCAGCCAGAA-1",0
"TTATGCTCATACCATG-1",12.6065416803146
"TTATGCTCATGTAGTC-1",0
"TTATGCTGTCCGAGTC-1",0
"TTATGCTTCGATAGAA-1",0
"TTCCCAGAGAATTCCC-1",0
"TTCCCAGAGACTAGAT-1",0
"TTCCCAGAGTATCGAA-1",13.6886092692124
"TTCCCAGCAGATGGGT-1",0
"TTCCCAGCATCAGTAC-1",0
"TTCCCAGCATCTCCCA-1",0
"TTCCCAGCATTACCTT-1",16.340251097438
"TTCCCAGTCAACACTG-1",0
"TTCCCAGTCGAGAGCA-1",15.4145612053797
"TTCGAAGAGTCTCAAC-1",18.7285874926579
"TTCGAAGCAAGCGCTC-1",0
"TTCGAAGCACATTAGC-1",0
"TTCGAAGCACGGTGTC-1",14.2634848937301
"TTCGGTCAGAGGACGG-1",0
"TTCGGTCAGCACACAG-1",15.1412206737755
"TTCGGTCAGGCCCTCA-1",14.6346707503097
"TTCGGTCAGTGAATTG-1",0
"TTCGGTCAGTTGAGAT-1",23.8025438311026
"TTCGGTCCAAGGGTCA-1",19.3540810823572
"TTCGGTCCACGTCAGC-1",12.3562299704031
"TTCGGTCGTAACGTTC-1",0
"TTCGGTCGTAGAGTGC-1",0
"TTCGGTCGTTCATGGT-1",0
"TTCGGTCGTTCTGTTT-1",0
"TTCGGTCTCAAAGACA-1",0
"TTCGGTCTCCAGTATG-1",15.9157961419516
"TTCGGTCTCGCGTTTC-1",12.8337550554174
"TTCGGTCTCGTCTGAA-1",0
"TTCTACAAGACTAAGT-1",18.7849693261772
"TTCTACAAGCAGCCTC-1",0
"TTCTACAAGCCTTGAT-1",0
"TTCTACAAGGCAGGTT-1",0
"TTCTACAAGGTAAACT-1",0
"TTCTACAAGTTAGGTA-1",15.0967285332316
"TTCTACACACGTGAGA-1",16.4654047451899
"TTCTACACAGCTGTTA-1",13.6011618917074
"TTCTACACATCGATTG-1",0
"TTCTACACATTACGAC-1",14.9634257785846
"TTCTACAGTACCGTTA-1",12.1321664210592
"TTCTACAGTATATGAG-1",14.6616790542134
"TTCTACAGTGGCTCCA-1",0
"TTCTACATCAACGGGA-1",12.7261581275892
"TTCTACATCCGCGTTT-1",0
"TTCTCAAAGAAAGTGG-1",17.7004946056563
"TTCTCAAAGAATCTCC-1",23.8025438311026
"TTCTCAAAGAGGTTAT-1",13.5546752035365
"TTCTCAAAGCAGCCTC-1",0
"TTCTCAAAGCCGCCTA-1",0
"TTCTCAAAGTCAATAG-1",14.838218845597
"TTCTCAAAGTTGAGAT-1",24.5654723805444
"TTCTCAACACCCAGTG-1",0
"TTCTCAACATTGTGCA-1",15.8018008249631
"TTCTCAAGTATAAACG-1",12.4123164780163
"TTCTCAAGTCCCTTGT-1",0
"TTCTCAAGTCGAGATG-1",13.9332934012632
"TTCTCAATCATCGCTC-1",13.2648217737871
"TTCTCAATCCCTAACC-1",17.089244696173
"TTCTCAATCGTAGGAG-1",0
"TTCTCCTAGAGTAAGG-1",0
"TTCTCCTAGCGACGTA-1",14.4989264879985
"TTCTCCTAGCGTGAGT-1",15.0967285332316
"TTCTCCTAGTCTCGGC-1",0
"TTCTCCTCAACACGCC-1",0
"TTCTCCTCAATAACGA-1",14.2618045222524
"TTCTCCTGTTAAGAAC-1",13.2675235566373
"TTCTCCTTCAGTTCGA-1",0
"TTCTCCTTCCGTAGGC-1",24.5654723805444
"TTCTCCTTCCTTTCTC-1",18.6960277309759
"TTCTCCTTCTGCAAGT-1",0
"TTCTCCTTCTTCAACT-1",0
"TTCTCCTTCTTGTACT-1",0
"TTCTTAGAGGACTGGT-1",13.9357422737542
"TTCTTAGCAAGGTGTG-1",13.089228714082
"TTCTTAGCATCGGAAG-1",16.1259456653195
"TTCTTAGGTAGAAGGA-1",0
"TTCTTAGGTCATATGC-1",0
"TTCTTAGTCAGTTCGA-1",13.4883244210932
"TTGAACGGTCACTTCC-1",15.6695547287161
"TTGAACGTCATGTCCC-1",17.9347941985495
"TTGACTTAGCCACGTC-1",0
"TTGACTTAGCGACGTA-1",13.4996258817302
"TTGACTTAGTTAACGA-1",12.7261581275892
"TTGACTTCACTTACGA-1",12.8912189608696
"TTGACTTGTCTCTCTG-1",11.9458807945713
"TTGACTTGTGCGATAG-1",13.6886092692124
"TTGACTTTCCAGAGGA-1",18.0128925939808
"TTGACTTTCTGTCCGT-1",0
"TTGCCGTAGGAGCGTT-1",15.9548561183583
"TTGCCGTAGGTGGGTT-1",12.5936730211973
"TTGCCGTCATGGTCAT-1",19.6317090301533
"TTGCGTCAGACAGAGA-1",12.8190378538932
"TTGCGTCAGCTCCTTC-1",12.620997386117
"TTGCGTCAGTCCATAC-1",12.0554974460616
"TTGCGTCAGTGAATTG-1",0
"TTGCGTCCAAATTGCC-1",0
"TTGCGTCCACTGTGTA-1",0
"TTGCGTCCAGTCACTA-1",19.9066191360715
"TTGCGTCGTCTGATTG-1",16.9698609232355
"TTGGAACAGCCCAATT-1",19.3540810823572
"TTGGAACAGCGTCTAT-1",24.525942880141
"TTGGAACAGGCGTACA-1",0
"TTGGAACGTATTACCG-1",16.3547370398516
"TTGGAACTCCCATTAT-1",21.6976516490028
"TTGGAACTCCGTAGTA-1",12.2750055961892
"TTGGAACTCGTCCAGG-1",13.9357422737542
"TTGGCAAAGTTAGGTA-1",16.3848843267628
"TTGGCAAGTATAGGTA-1",12.8337550554174
"TTGGCAATCACATGCA-1",12.3562299704031
"TTGGCAATCAGAGCTT-1",0
"TTGGCAATCGCATGAT-1",19.905554403804
"TTGGCAATCTAGAGTC-1",0
"TTGTAGGAGGTGCTAG-1",13.6675220363137
"TTGTAGGCACACGCTG-1",0
"TTGTAGGGTCTCCCTA-1",12.8390985155206
"TTGTAGGGTGGTAACG-1",0
"TTGTAGGTCGGCGCTA-1",0
"TTGTAGGTCTGCCAGG-1",0
"TTTACTGAGATCACGG-1",0
"TTTACTGCAAAGCAAT-1",0
"TTTACTGCACATGGGA-1",0
"TTTACTGCACCACGTG-1",23.0033607664525
"TTTACTGCATGGGACA-1",0
"TTTACTGCATGTCCTC-1",12.4569518671334
"TTTACTGGTAACGTTC-1",0
"TTTACTGGTGGTGTAG-1",0
"TTTACTGGTTCGCTAA-1",18.0974631300968
"TTTACTGTCTGGAGCC-1",16.0056192619822
"TTTATGCAGACTGTAA-1",24.7843609404791
"TTTATGCAGATGCGAC-1",0
"TTTATGCAGGCAAAGA-1",12.1046688769676
"TTTATGCAGGCCCGTT-1",0
"TTTATGCAGTTCCACA-1",18.2890445377948
"TTTATGCCAAACGCGA-1",0
"TTTATGCCAATCTGCA-1",16.8422798480489
"TTTATGCCACAGGTTT-1",13.5495762859396
"TTTATGCCAGCCAATT-1",0
"TTTATGCCAGGTCGTC-1",16.0056192619822
"TTTATGCCATGGTCAT-1",12.1300370400094
"TTTATGCTCACATAGC-1",0
"TTTATGCTCACCTTAT-1",15.1299024105341
"TTTATGCTCGGCGGTT-1",16.0989654555438
"TTTATGCTCTCGCTTG-1",18.0128925939808
"TTTCCTCAGCGTGAAC-1",0
"TTTCCTCAGGACTGGT-1",0
"TTTCCTCCAAAGTGCG-1",0
"TTTCCTCCAGGAATGC-1",19.219861380754
"TTTCCTCCATTAGCCA-1",0
"TTTCCTCGTCCGAAGA-1",18.1465434832494
"TTTCCTCGTCGCTTTC-1",0
"TTTCCTCTCGGCCGAT-1",0
"TTTCCTCTCGTGTAGT-1",0
"TTTGCGCAGCTAAACA-1",12.2750055961892
"TTTGCGCAGCTAGTCT-1",0
"TTTGCGCAGGCCGAAT-1",16.2554687138522
"TTTGCGCAGTCAAGGC-1",0
"TTTGCGCCAAGTAGTA-1",0
"TTTGCGCCAGGTGCCT-1",18.6960277309759
"TTTGCGCGTCTAAACC-1",0
"TTTGCGCTCAAAGTAG-1",0
"TTTGCGCTCATGTAGC-1",17.8638645698855
"TTTGGTTAGAATGTGT-1",0
"TTTGGTTAGACAATAC-1",19.3540810823572
"TTTGGTTAGCGATTCT-1",0
"TTTGGTTAGGCTCAGA-1",18.8879843593796
"TTTGGTTAGTTACCCA-1",0
"TTTGGTTCAAACTGCT-1",12.0666818726274
"TTTGGTTCAAGCTGTT-1",15.3465918210626
"TTTGGTTCAGATCGGA-1",0
"TTTGGTTCATCACAAC-1",18.0643781153709
"TTTGGTTGTACTTCTT-1",12.0666818726274
"TTTGGTTGTATGCTTG-1",15.3348906862085
"TTTGGTTGTGCTTCTC-1",15.3644477767363
"TTTGGTTTCATGCTCC-1",15.624352132526
"TTTGGTTTCCCTGACT-1",15.7835032080517
"TTTGTCAAGAGTCGGT-1",0
"TTTGTCACAAGTTCTG-1",0
"TTTGTCACAAGTTGTC-1",0
"TTTGTCATCACCTTAT-1",12.2585643982336
"TTTGTCATCCATTCTA-1",14.3044296306069
"TTTGTCATCCTTAATC-1",17.0333304913014
"TTTGTCATCTTATCTG-1",0
