"cell_barcode","expression"
"AAACCTGAGACAGAGA-1",0
"AAACCTGAGACTTTCG-1",0
"AAACCTGAGAGTAAGG-1",1.77814034080982
"AAACCTGAGAGTCGGT-1",0
"AAACCTGAGGATGGAA-1",0
"AAACCTGAGTAGATGT-1",3.48469361582847
"AAACCTGCAATCAGAA-1",0
"AAACCTGCACCGATAT-1",0
"AAACCTGCAGACGTAG-1",0
"AAACCTGCAGTATCTG-1",0
"AAACCTGCATAGTAAG-1",1.80098540064175
"AAACCTGCATGAACCT-1",1.68989523212849
"AAACCTGGTAAGAGGA-1",0
"AAACCTGGTCCAACTA-1",0
"AAACCTGTCCGTAGTA-1",2.44825363108757
"AAACCTGTCGAGAGCA-1",4.52073490978118
"AAACGGGAGTACGACG-1",0
"AAACGGGCAAGGTTTC-1",1.65477614282002
"AAACGGGCACGTCAGC-1",0
"AAACGGGCAGCGTTCG-1",1.5724110491452
"AAACGGGGTAGCCTCG-1",0
"AAACGGGGTCTACCTC-1",0
"AAACGGGGTGCGGTAA-1",3.0246058625753
"AAACGGGGTTGTCGCG-1",0
"AAACGGGTCCATGAGT-1",7.47623045475616
"AAACGGGTCCCAACGG-1",0
"AAACGGGTCCCATTAT-1",3.7258511661313
"AAAGATGCAGTCAGCC-1",1.6802341060118
"AAAGATGCATCTACGA-1",7.9593251913372
"AAAGCAAAGCGTCTAT-1",0
"AAAGCAACATGTCGAT-1",1.89169991741654
"AAAGCAAGTAGCTGCC-1",0
"AAAGCAAGTAGGCATG-1",0
"AAAGCAAGTGCGCTTG-1",0
"AAAGCAAGTTATTCTC-1",0
"AAAGCAATCCGTAGTA-1",2.72092133879211
"AAAGTAGAGATGTGTA-1",1.78884874323438
"AAAGTAGAGTGGGCTA-1",0
"AAAGTAGGTATATGGA-1",0
"AAAGTAGGTGAGCGAT-1",1.6848688061171
"AAAGTAGGTTGAGGTG-1",1.74383018970019
"AAATGCCAGCCCTAAT-1",0
"AAATGCCAGCGTGTCC-1",3.65820333944386
"AAATGCCCAACACCTA-1",1.58339518249613
"AAATGCCGTAGGAGTC-1",2.74453102969427
"AAATGCCGTCTTTCAT-1",11.1123180596129
"AAATGCCGTGGTCCGT-1",3.34167493200978
"AAATGCCGTTCCCGAG-1",0
"AAATGCCTCATAGCAC-1",0
"AAATGCCTCGCTTAGA-1",0
"AACACGTAGAATTCCC-1",0
"AACACGTAGCCCTAAT-1",0
"AACACGTAGGGTGTGT-1",1.78182890102545
"AACACGTCACTGTCGG-1",3.63832847716227
"AACACGTCATCCCATC-1",4.90953240262438
"AACACGTGTGCAACGA-1",0
"AACACGTGTGTCGCTG-1",1.53793562934172
"AACCATGAGCGCTTAT-1",2.03168215820064
"AACCATGGTCCGTTAA-1",0
"AACCATGTCAGTTCGA-1",0
"AACCATGTCATCGATG-1",1.62596052042962
"AACCATGTCCCAAGTA-1",0
"AACCGCGAGAAGCCCA-1",0
"AACCGCGAGACTGGGT-1",0
"AACCGCGAGAGGTACC-1",0
"AACCGCGAGTTAGGTA-1",0
"AACCGCGAGTTGCAGG-1",1.74383018970019
"AACCGCGCACGGTAGA-1",0
"AACCGCGCAGCATGAG-1",6.39985749403848
"AACCGCGCAGCCTGTG-1",0
"AACCGCGCAGCTGTGC-1",0
"AACCGCGCAGTATGCT-1",0
"AACCGCGGTACTTGAC-1",1.77528463202455
"AACCGCGGTCTGCAAT-1",1.40371918852262
"AACCGCGTCACATGCA-1",0
"AACCGCGTCACCGTAA-1",0
"AACCGCGTCCAGAGGA-1",1.70815189712004
"AACCGCGTCCGAAGAG-1",0
"AACGTTGAGCGATAGC-1",0
"AACGTTGAGCGATCCC-1",0
"AACGTTGAGCTTATCG-1",0
"AACGTTGCAAGTTGTC-1",1.88456240551596
"AACGTTGCAATAGAGT-1",0
"AACGTTGCAATGGATA-1",1.77528463202455
"AACGTTGCATGGATGG-1",3.65820333944386
"AACGTTGCATTCTCAT-1",1.53564386274411
"AACGTTGTCAACACGT-1",1.40395083198397
"AACGTTGTCGAGGTAG-1",0
"AACGTTGTCGGTCCGA-1",0
"AACTCAGAGAGCTATA-1",6.07846704391344
"AACTCAGAGAGTCGGT-1",1.65477614282002
"AACTCAGAGCCACCTG-1",3.18713577607068
"AACTCAGAGCCCAATT-1",7.47623045475616
"AACTCAGCAAACAACA-1",0
"AACTCAGCACAAGCCC-1",1.60211828392297
"AACTCAGCACGGTTTA-1",0
"AACTCAGCAGGATCGA-1",3.13425279360337
"AACTCAGCATAAAGGT-1",1.70889228297558
"AACTCAGGTTCCACAA-1",1.44516265397505
"AACTCAGTCGTACCGG-1",0
"AACTCCCAGCCCAGCT-1",0
"AACTCCCAGCTAAGAT-1",2.67655803660094
"AACTCCCCATGGTCTA-1",1.40371918852262
"AACTCCCGTTGCGCAC-1",1.6848688061171
"AACTCCCTCAAGAAGT-1",0
"AACTCCCTCAAGCCTA-1",0
"AACTCCCTCATCGCTC-1",1.600853486456
"AACTCCCTCTGCAGTA-1",0
"AACTCCCTCTGGCGTG-1",3.13425279360337
"AACTCTTAGCAGACTG-1",0
"AACTCTTAGTCCGGTC-1",0
"AACTCTTCATGCTAGT-1",1.87281826504998
"AACTCTTGTCGAATCT-1",0
"AACTCTTGTCGGGTCT-1",3.0246058625753
"AACTCTTTCTCAAACG-1",0
"AACTCTTTCTCCAGGG-1",1.40395083198397
"AACTCTTTCTCTGCTG-1",1.72576302731971
"AACTGGTAGAAGATTC-1",0
"AACTGGTAGAGACTAT-1",3.27408134968318
"AACTGGTAGCCAACAG-1",0
"AACTGGTAGTGTACTC-1",0
"AACTGGTCACTGAAGG-1",1.8964969142605
"AACTGGTGTCCGAACC-1",1.76197472089661
"AACTGGTTCGGAGCAA-1",2.74453102969427
"AACTGGTTCGTGGGAA-1",0
"AACTGGTTCTGCTTGC-1",1.91009641529294
"AACTTTCAGCGTGAAC-1",0
"AACTTTCAGTATCTCG-1",3.94966317024934
"AACTTTCAGTTTCCTT-1",1.81118739678147
"AACTTTCCATCCTTGC-1",1.94728283286729
"AACTTTCGTCTAGAGG-1",0
"AACTTTCGTCTCTTTA-1",0
"AACTTTCGTTTGTTTC-1",4.30940131255208
"AAGACCTAGGGCTTCC-1",1.87281826504998
"AAGACCTAGTACACCT-1",3.94966317024934
"AAGACCTGTATATGAG-1",1.7000594688291
"AAGACCTGTATCAGTC-1",0
"AAGACCTGTCCGTGAC-1",3.7258511661313
"AAGACCTGTCGAAAGC-1",1.77814034080982
"AAGACCTTCGCCATAA-1",3.65820333944386
"AAGCCGCAGATCTGAA-1",2.72092133879211
"AAGCCGCAGGGTGTTG-1",0
"AAGCCGCAGTGGACGT-1",3.430592942575
"AAGCCGCAGTGTACTC-1",1.94522474806892
"AAGCCGCCACGCTTTC-1",0
"AAGCCGCCAGGACGTA-1",1.50547893870156
"AAGCCGCGTACAGTTC-1",1.88456240551596
"AAGCCGCGTCATTAGC-1",1.58339518249613
"AAGCCGCTCACGAAGG-1",0
"AAGCCGCTCAGTTAGC-1",6.597014208683
"AAGCCGCTCGCAAACT-1",3.34167493200978
"AAGCCGCTCGTCGTTC-1",4.51553638081919
"AAGCCGCTCTTACCGC-1",0
"AAGGAGCAGAAACCGC-1",1.78553667378979
"AAGGAGCAGGCATGTG-1",1.40371918852262
"AAGGAGCAGGCGCTCT-1",1.52655736826815
"AAGGAGCAGTTGAGTA-1",0
"AAGGAGCCACGGCGTT-1",0
"AAGGAGCGTCTGCAAT-1",0
"AAGGAGCTCGTCTGCT-1",0
"AAGGCAGAGAACTGTA-1",2.70362182659538
"AAGGCAGAGAGATGAG-1",0
"AAGGCAGAGGTGATAT-1",0
"AAGGCAGCATAGTAAG-1",0
"AAGGCAGGTACTTCTT-1",0
"AAGGCAGGTGTGCCTG-1",0
"AAGGCAGTCAGATAAG-1",7.47623045475616
"AAGGCAGTCGGAATCT-1",0
"AAGGTTCAGTATCTCG-1",1.60211828392297
"AAGGTTCCATCACGTA-1",4.52073490978118
"AAGGTTCGTATATGGA-1",0
"AAGGTTCGTCCGAATT-1",0
"AAGGTTCGTCGACTAT-1",0
"AAGGTTCGTGTGACCC-1",0
"AAGGTTCTCCGTCATC-1",0
"AAGGTTCTCCTCGCAT-1",1.40371918852262
"AAGGTTCTCTGCGGCA-1",1.70889228297558
"AAGTCTGAGCCATCGC-1",3.19619837209934
"AAGTCTGAGTCAAGCG-1",0
"AAGTCTGCAAAGGAAG-1",0
"AAGTCTGGTCAGCTAT-1",0
"AAGTCTGTCAAACAAG-1",1.78553667378979
"AAGTCTGTCACTGGGC-1",3.7258511661313
"AAGTCTGTCAGCAACT-1",0
"AATCCAGCAAAGTGCG-1",0
"AATCCAGCAGCATACT-1",0
"AATCCAGGTAGGCATG-1",8.26605714043331
"AATCCAGGTCTCCCTA-1",1.96659215144957
"AATCCAGTCCGAATGT-1",0
"AATCGGTAGGCATGGT-1",3.48469361582847
"AATCGGTTCCTGTACC-1",0
"AATCGGTTCGCCGTGA-1",3.99240174800574
"ACACCAAAGATGAGAG-1",0
"ACACCAAAGCCCTAAT-1",0
"ACACCAAAGGATGGTC-1",0
"ACACCAAAGTGTCCAT-1",0
"ACACCAACACTTCGAA-1",0
"ACACCAACAGACGCTC-1",0
"ACACCAACAGCCTATA-1",2.44825363108757
"ACACCAAGTCGCGTGT-1",0
"ACACCAAGTCTAAACC-1",0
"ACACCAAGTTATGTGC-1",0
"ACACCAATCGCGTTTC-1",6.69997980781975
"ACACCCTAGCCAGGAT-1",0
"ACACCCTAGTACTTGC-1",0
"ACACCCTCAAGCGCTC-1",0
"ACACCCTCATCACAAC-1",0
"ACACCCTCATGCCCGA-1",1.74383018970019
"ACACCCTGTCTGGTCG-1",0
"ACACCCTTCCGCAAGC-1",0
"ACACCCTTCCTTGCCA-1",1.58339518249613
"ACACCCTTCTATCCTA-1",1.53564386274411
"ACACCCTTCTGGCGTG-1",0
"ACACCGGAGGCTCAGA-1",0
"ACACCGGAGTGACATA-1",1.9179810120487
"ACACCGGAGTTACCCA-1",0
"ACACCGGCACCAGATT-1",1.40395083198397
"ACACCGGCACCGAAAG-1",0
"ACACCGGCATCACAAC-1",3.13425279360337
"ACACCGGTCCGCATAA-1",1.87561978493154
"ACACCGGTCTCGGACG-1",0
"ACACCGGTCTCTGTCG-1",1.4249289318177
"ACACTGAAGCACGCCT-1",1.78553667378979
"ACACTGAAGGTGATTA-1",0
"ACACTGACAATAGAGT-1",0
"ACACTGACAGACTCGC-1",2.12109947721045
"ACACTGACATCCAACA-1",2.07308014163831
"ACACTGAGTCCGAAGA-1",3.31322026136627
"ACACTGAGTGTTTGTG-1",1.58339518249613
"ACACTGAGTTTGACTG-1",0
"ACAGCCGAGGAATGGA-1",0
"ACAGCCGAGGCCCGTT-1",0
"ACAGCCGAGGTGCTTT-1",0
"ACAGCCGAGTGGTAGC-1",0
"ACAGCCGCATATACGC-1",5.04543973426827
"ACAGCCGCATGCAACT-1",3.40299452677423
"ACAGCCGGTAGGGTAC-1",0
"ACAGCCGGTCGAATCT-1",0
"ACAGCCGGTTCACCTC-1",7.24022013409698
"ACAGCCGGTTCCACTC-1",0
"ACAGCCGTCCAGAAGG-1",0
"ACAGCCGTCTTTACAC-1",1.50602481706067
"ACAGCTAAGCACCGCT-1",1.9179810120487
"ACAGCTAAGTATCTCG-1",0
"ACAGCTAAGTGTTGAA-1",0
"ACAGCTACATCGTCGG-1",3.3574391410705
"ACAGCTAGTCGACTAT-1",0
"ACAGCTAGTGGTACAG-1",0
"ACAGCTATCACCACCT-1",0
"ACAGCTATCTGCTTGC-1",0
"ACATACGAGAGCTTCT-1",0
"ACATACGAGCGTAGTG-1",0
"ACATACGAGCTTCGCG-1",0
"ACATACGAGCTTTGGT-1",0
"ACATACGCAAACGTGG-1",0
"ACATACGCAAGCCTAT-1",5.04543973426827
"ACATACGCATCTCCCA-1",3.34167493200978
"ACATACGCATTCTCAT-1",0
"ACATACGGTAGGAGTC-1",0
"ACATACGGTGCACCAC-1",2.91893768779286
"ACATACGGTGGTTTCA-1",2.47227658554976
"ACATACGTCGTATCAG-1",0
"ACATCAGAGCCACTAT-1",6.27206007882455
"ACATCAGAGCCTTGAT-1",3.65820333944386
"ACATCAGCAACACCCG-1",3.99240174800574
"ACATCAGCAACGATGG-1",0
"ACATCAGCAATTGCTG-1",1.69025567164657
"ACATCAGCACCGGAAA-1",7.62361723370944
"ACATCAGCATAAAGGT-1",0
"ACATCAGCATCCCACT-1",1.4249289318177
"ACATCAGCATTTGCCC-1",0
"ACATCAGGTAAGGATT-1",0
"ACATCAGGTCCGTGAC-1",0
"ACATCAGGTTAAGTAG-1",0
"ACATCAGTCAAACCGT-1",3.7258511661313
"ACATGGTAGCATGGCA-1",2.72092133879211
"ACATGGTAGCTGTTCA-1",1.78884874323438
"ACATGGTCACTTGGAT-1",1.88645899306714
"ACATGGTGTCAGATAA-1",3.65820333944386
"ACATGGTGTCTGCGGT-1",1.96659215144957
"ACATGGTGTGCAACTT-1",1.74383018970019
"ACATGGTTCCGCAAGC-1",1.71821436207196
"ACATGGTTCCTCCTAG-1",1.4249289318177
"ACATGGTTCTGGAGCC-1",0
"ACATGGTTCTTCTGGC-1",0
"ACCAGTAAGATCACGG-1",0
"ACCAGTAAGCTTCGCG-1",1.68989523212849
"ACCAGTACACAGATTC-1",0
"ACCAGTACACAGGCCT-1",1.84045709961207
"ACCAGTACAGTATGCT-1",3.91981028823499
"ACCAGTACAGTCAGAG-1",4.51553638081919
"ACCAGTACAGTTTACG-1",1.40371918852262
"ACCAGTAGTCACCCAG-1",0
"ACCAGTAGTCCATCCT-1",0
"ACCAGTAGTCTTCAAG-1",0
"ACCAGTAGTGGACGAT-1",0
"ACCAGTATCTGCGACG-1",0
"ACCAGTATCTGCTTGC-1",0
"ACCAGTATCTGTTTGT-1",0
"ACCCACTAGAGGTTAT-1",0
"ACCCACTAGATCCCGC-1",0
"ACCCACTAGATGTGTA-1",4.04320441828108
"ACCCACTAGCCCAATT-1",0
"ACCCACTCAAGGGTCA-1",1.89169991741654
"ACCCACTCAAGGTTCT-1",2.72092133879211
"ACCCACTGTAAATGAC-1",0
"ACCCACTGTAGCCTCG-1",0
"ACCCACTGTCAAAGAT-1",0
"ACCCACTGTCAATACC-1",0
"ACCCACTGTGTGGTTT-1",0
"ACCCACTTCGCAAACT-1",0
"ACCCACTTCTGCCAGG-1",0
"ACCGTAACAATCGGTT-1",1.56668709405614
"ACCGTAACAATCTACG-1",1.65477614282002
"ACCGTAACAGGTCCAC-1",0
"ACCGTAAGTACAGCAG-1",3.430592942575
"ACCGTAAGTCATGCAT-1",1.62563259835408
"ACCGTAAGTGAGTGAC-1",1.70482991525529
"ACCGTAAGTTAAGAAC-1",1.65477614282002
"ACCGTAAGTTCCGTCT-1",0
"ACCGTAATCACATAGC-1",0
"ACCGTAATCATGTGGT-1",1.4249289318177
"ACCGTAATCTGAAAGA-1",4.02965309473629
"ACCTTTACAATCGGTT-1",0
"ACCTTTACACGGACAA-1",1.87515212172843
"ACCTTTACAGCAGTTT-1",0
"ACCTTTACATGCAACT-1",0
"ACCTTTACATTTCAGG-1",4.16945996151198
"ACCTTTAGTGAACCTT-1",0
"ACCTTTAGTTCCACTC-1",0
"ACCTTTATCTCTAGGA-1",0
"ACGAGCCAGGCAGGTT-1",6.26439145643846
"ACGAGCCCACAGGCCT-1",0
"ACGAGCCCATGGAATA-1",1.78553667378979
"ACGAGCCGTGCACGAA-1",3.39332365160466
"ACGAGCCGTGTGACCC-1",0
"ACGAGCCGTTGGTTTG-1",6.69997980781975
"ACGAGCCTCAGTCCCT-1",1.82764235530237
"ACGAGCCTCGCAAACT-1",0
"ACGAGGACACTACAGT-1",0
"ACGAGGACATGTAGTC-1",3.99240174800574
"ACGAGGAGTACACCGC-1",1.7000594688291
"ACGAGGAGTGCCTGCA-1",0
"ACGAGGAGTTCTGAAC-1",0
"ACGAGGATCTGCGGCA-1",0
"ACGATACAGAGTGACC-1",0
"ACGATACAGCGCCTTG-1",5.49854613097341
"ACGATACCACGTTGGC-1",0
"ACGATACCATTGGGCC-1",10.0928626732384
"ACGATACGTCGAATCT-1",1.87702456431488
"ACGATACTCTGACCTC-1",3.99240174800574
"ACGATGTAGTGCGATG-1",6.21337658327883
"ACGATGTAGTTGAGAT-1",0
"ACGATGTCAACGCACC-1",0
"ACGATGTCACACGCTG-1",0
"ACGATGTGTATTCTCT-1",0
"ACGATGTGTCAGTGGA-1",1.78553667378979
"ACGATGTGTGACTACT-1",0
"ACGATGTGTGTCGCTG-1",1.84942857412342
"ACGATGTTCGCGTAGC-1",0
"ACGATGTTCTCTTATG-1",5.04543973426827
"ACGCAGCAGCGGCTTC-1",0
"ACGCAGCAGCTGCGAA-1",0
"ACGCAGCAGTGTACGG-1",1.65477614282002
"ACGCAGCCACCTCGTT-1",0
"ACGCAGCCATCGACGC-1",0
"ACGCAGCCATTACCTT-1",1.69025567164657
"ACGCAGCGTCCATGAT-1",0
"ACGCAGCGTCTACCTC-1",0
"ACGCAGCGTCTGGTCG-1",0
"ACGCAGCGTGCGATAG-1",0
"ACGCCAGCAAAGCAAT-1",0
"ACGCCAGCAACGCACC-1",0
"ACGCCAGCACGAGAGT-1",1.70815189712004
"ACGCCAGCAGTGAGTG-1",0
"ACGCCAGGTGCACTTA-1",1.50602481706067
"ACGCCAGGTGTGCGTC-1",0
"ACGCCAGTCACAGGCC-1",1.70889228297558
"ACGCCAGTCAGTGTTG-1",0
"ACGCCGAAGAAACGCC-1",1.87702456431488
"ACGCCGAAGATCTGCT-1",0
"ACGCCGACAGCCTGTG-1",0
"ACGCCGAGTTCCAACA-1",0
"ACGCCGATCCTATGTT-1",3.65820333944386
"ACGCCGATCGCAGGCT-1",4.51553638081919
"ACGCCGATCTTGTATC-1",0
"ACGGAGAAGCCAGTTT-1",7.9593251913372
"ACGGAGACACACATGT-1",2.47227658554976
"ACGGAGACAGCCTGTG-1",0
"ACGGAGACAGCGTAAG-1",0
"ACGGAGACAGTAAGCG-1",0
"ACGGAGAGTGTGACGA-1",0
"ACGGAGATCCACGAAT-1",3.94966317024934
"ACGGCCACACATCCAA-1",2.7234333711228
"ACGGCCACACATTCGA-1",3.99240174800574
"ACGGCCAGTACCGTAT-1",0
"ACGGCCAGTGTATGGG-1",3.65820333944386
"ACGGCCATCACGGTTA-1",1.81118739678147
"ACGGCCATCAGTGTTG-1",0
"ACGGCCATCTACTATC-1",2.12109947721045
"ACGGGCTAGGATCGCA-1",1.51704163256299
"ACGGGCTAGGTTCCTA-1",0
"ACGGGCTAGTGGCACA-1",4.52073490978118
"ACGGGCTCATCTGGTA-1",0
"ACGGGCTGTGAGGCTA-1",1.6802341060118
"ACGGGCTTCCGAACGC-1",0
"ACGGGTCAGATGCCAG-1",0
"ACGGGTCCATGATCCA-1",6.39985749403848
"ACGGGTCCATTAGGCT-1",1.78884874323438
"ACGGGTCCATTTCACT-1",1.74383018970019
"ACGGGTCGTTAGGGTG-1",2.07308014163831
"ACGGGTCTCAACACCA-1",1.77528463202455
"ACGGGTCTCCACGCAG-1",3.60665922698555
"ACGTCAAAGGGCTTCC-1",7.60638831467449
"ACGTCAAAGTGGTAAT-1",0
"ACGTCAACAACTGCGC-1",0
"ACGTCAACACAAGACG-1",0
"ACGTCAAGTAGCTCCG-1",0
"ACGTCAAGTGTCGCTG-1",0
"ACGTCAAGTTATGCGT-1",0
"ACGTCAATCAACCAAC-1",0
"ACGTCAATCATAACCG-1",0
"ACGTCAATCCAGAAGG-1",0
"ACGTCAATCTAACTCT-1",0
"ACTATCTAGAGGTTAT-1",1.88645899306714
"ACTATCTAGATACACA-1",1.78553667378979
"ACTATCTAGGAGTAGA-1",0
"ACTATCTAGGCATGTG-1",0
"ACTATCTCAAATACAG-1",2.34891345338384
"ACTATCTCAAATTGCC-1",1.83734307652052
"ACTATCTGTAGGGACT-1",1.7000594688291
"ACTATCTGTCGCGTGT-1",0
"ACTATCTGTGCACGAA-1",4.57298810521188
"ACTATCTGTGGTTTCA-1",1.86355644233966
"ACTATCTTCGCCGTGA-1",0
"ACTGAACAGAGTGAGA-1",1.84942857412342
"ACTGAACAGATCCCGC-1",0
"ACTGAACAGGTGATAT-1",0
"ACTGAACCAAAGCGGT-1",0
"ACTGAACCAAGCGAGT-1",7.47623045475616
"ACTGAACCAATTCCTT-1",0
"ACTGAACCAGCTGGCT-1",0
"ACTGAACCAGTCTTCC-1",2.44825363108757
"ACTGAACCATTACCTT-1",0
"ACTGAACGTAAGCACG-1",0
"ACTGAACGTAATCGTC-1",0
"ACTGAACGTCCAGTAT-1",1.48586893971067
"ACTGAACGTCTGATCA-1",0
"ACTGAACTCCCACTTG-1",1.58339518249613
"ACTGAGTAGCCGGTAA-1",0
"ACTGAGTCAGTGGGAT-1",2.12109947721045
"ACTGAGTCATTTGCCC-1",0
"ACTGAGTGTAGAGCTG-1",0
"ACTGAGTGTTGTGGCC-1",0
"ACTGAGTTCAGGTTCA-1",0
"ACTGATGAGACAGACC-1",1.69025567164657
"ACTGATGAGCGGATCA-1",3.99379252711173
"ACTGATGAGGTGCTTT-1",0
"ACTGATGCAGCAGTTT-1",0
"ACTGATGCATCACAAC-1",3.27408134968318
"ACTGATGGTCATGCAT-1",0
"ACTGATGTCACAATGC-1",0
"ACTGATGTCACTCCTG-1",0
"ACTGATGTCCCTGACT-1",0
"ACTGATGTCCGCTGTT-1",0
"ACTGATGTCCGGCACA-1",0
"ACTGATGTCCTATTCA-1",0
"ACTGCTCAGAGCTTCT-1",2.18382640423796
"ACTGCTCAGATGCCTT-1",1.69025567164657
"ACTGCTCCACACCGCA-1",0
"ACTGCTCCAGATGGGT-1",0
"ACTGCTCCATGCCTAA-1",0
"ACTGCTCGTAGGCATG-1",0
"ACTGCTCGTATCACCA-1",0
"ACTGCTCGTCCGAAGA-1",1.81118739678147
"ACTGCTCTCCGAGCCA-1",2.72092133879211
"ACTGTCCAGAGGGCTT-1",1.70815189712004
"ACTGTCCAGCAGCGTA-1",0
"ACTGTCCAGGCATGGT-1",1.50602481706067
"ACTGTCCCAAGGTTTC-1",0
"ACTGTCCCAAGTACCT-1",0
"ACTGTCCCAGTATCTG-1",3.94966317024934
"ACTGTCCCATAGAAAC-1",0
"ACTGTCCGTTGAGGTG-1",0
"ACTGTCCTCCACGTGG-1",1.78553667378979
"ACTGTCCTCCTTGGTC-1",0
"ACTGTCCTCTCTGTCG-1",0
"ACTTACTAGCGATAGC-1",0
"ACTTACTAGGGATGGG-1",0
"ACTTACTCACAGACAG-1",3.29402581673282
"ACTTACTCACATTTCT-1",1.94728283286729
"ACTTACTGTACTCAAC-1",0
"ACTTACTGTTCCACAA-1",1.96659215144957
"ACTTACTTCATCGGAT-1",0
"ACTTGTTAGACAAGCC-1",4.02965309473629
"ACTTGTTAGCTAGCCC-1",9.66968352502895
"ACTTGTTAGTTACCCA-1",3.99240174800574
"ACTTGTTCACGACGAA-1",0
"ACTTGTTCACGGCTAC-1",0
"ACTTGTTGTATCGCAT-1",0
"ACTTGTTGTGGTAACG-1",4.16945996151198
"ACTTGTTGTTGTGGAG-1",1.50602481706067
"ACTTGTTTCATCACCC-1",0
"ACTTTCACATGGTCAT-1",3.02496999710842
"ACTTTCAGTGACTACT-1",0
"ACTTTCATCGCCAGCA-1",0
"AGAATAGAGCTGAACG-1",2.07308014163831
"AGAATAGAGCTGTCTA-1",0
"AGAATAGAGGTAGCTG-1",0
"AGAATAGCATGGTCTA-1",0
"AGAATAGGTATTCTCT-1",3.7258511661313
"AGAATAGGTGCGGTAA-1",0
"AGAATAGGTTAAGAAC-1",0
"AGAATAGTCAGGCCCA-1",4.02965309473629
"AGACGTTAGAATGTGT-1",0
"AGACGTTAGCTCCTCT-1",0
"AGACGTTAGTGCCAGA-1",0
"AGACGTTCAGGATCGA-1",1.8964969142605
"AGACGTTGTAGCTGCC-1",0
"AGACGTTGTCTGCAAT-1",1.94728283286729
"AGACGTTGTTCTGTTT-1",0
"AGACGTTTCGCATGGC-1",0
"AGACGTTTCGCTTAGA-1",1.71821436207196
"AGAGCGACAACTTGAC-1",1.600853486456
"AGAGCGACAAGTACCT-1",0
"AGAGCGACACAACGTT-1",2.12109947721045
"AGAGCGACATGAGCGA-1",1.86355644233966
"AGAGCGAGTCAGTGGA-1",6.597014208683
"AGAGCGAGTCGACTGC-1",0
"AGAGCGAGTTGAGTTC-1",1.93047041241648
"AGAGCGATCGCGTAGC-1",0
"AGAGCGATCTATCCTA-1",0
"AGAGCGATCTCGCTTG-1",0
"AGAGCTTAGCCGTCGT-1",4.02965309473629
"AGAGCTTAGTACACCT-1",2.07308014163831
"AGAGCTTAGTCATGCT-1",0
"AGAGCTTGTAGAGCTG-1",0
"AGAGCTTGTATCACCA-1",0
"AGAGCTTTCACTATTC-1",3.45490475373592
"AGAGCTTTCCTGCAGG-1",0
"AGAGCTTTCGCAAACT-1",0
"AGAGCTTTCGCTTAGA-1",1.78182890102545
"AGAGTGGAGAGCCTAG-1",0
"AGAGTGGAGGCCCTTG-1",0
"AGAGTGGAGGTACTCT-1",0
"AGAGTGGCACAAGACG-1",0
"AGAGTGGCACCTCGTT-1",0
"AGAGTGGCATCCGGGT-1",6.81890600352169
"AGAGTGGCATCTGGTA-1",1.87515212172843
"AGAGTGGGTCAGCTAT-1",3.04669687543042
"AGAGTGGGTCCTCCAT-1",0
"AGAGTGGGTCTAGTCA-1",1.53564386274411
"AGAGTGGGTTACCGAT-1",3.53240483651698
"AGATCTGAGGTGGGTT-1",0
"AGATCTGAGTCAAGGC-1",6.27206007882455
"AGATCTGCAATGTTGC-1",0
"AGATCTGTCGAATCCA-1",0
"AGATCTGTCTGCAGTA-1",1.88645899306714
"AGATTGCAGGCTACGA-1",1.80098540064175
"AGATTGCCACGACGAA-1",0
"AGATTGCCAGATGGGT-1",1.56668709405614
"AGATTGCGTAGAGCTG-1",0
"AGATTGCGTGATGTCT-1",0
"AGATTGCGTGTTCGAT-1",1.78884874323438
"AGATTGCGTTCACGGC-1",0
"AGATTGCTCACTGGGC-1",1.6848688061171
"AGATTGCTCATCTGTT-1",0
"AGCAGCCAGCTGATAA-1",0
"AGCAGCCCACCGAAAG-1",1.74383018970019
"AGCAGCCGTCGACTGC-1",0
"AGCAGCCGTCGCTTTC-1",3.99240174800574
"AGCAGCCGTCTAACGT-1",0
"AGCAGCCGTGTGAAAT-1",0
"AGCAGCCGTTTGTTGG-1",0
"AGCAGCCTCCAAACAC-1",3.68735873419194
"AGCATACAGTGGTAGC-1",2.47227658554976
"AGCATACAGTTGTCGT-1",0
"AGCATACGTCTTCTCG-1",0
"AGCATACGTTAAGTAG-1",0
"AGCATACTCCGTTGCT-1",2.05625384589532
"AGCCTAAAGATATGGT-1",0
"AGCCTAACAAAGCGGT-1",0
"AGCCTAACAGATAATG-1",0
"AGCCTAAGTACGAAAT-1",3.430592942575
"AGCCTAAGTCACCTAA-1",1.76197472089661
"AGCCTAAGTGTGCCTG-1",3.90759974047396
"AGCCTAATCACCCGAG-1",1.71821436207196
"AGCCTAATCCAATGGT-1",1.87281826504998
"AGCCTAATCCTTGGTC-1",1.90472393454897
"AGCCTAATCTGTGCAA-1",3.48469361582847
"AGCCTAATCTGTTTGT-1",3.27408134968318
"AGCGGTCAGCGAAGGG-1",1.91009641529294
"AGCGGTCAGGTACTCT-1",0
"AGCGGTCAGTGACTCT-1",0
"AGCGGTCCAGCCTTGG-1",1.78182890102545
"AGCGGTCGTCCTAGCG-1",1.84582669049833
"AGCGGTCGTGGTGTAG-1",5.90247666031547
"AGCGGTCGTTAAGGGC-1",0
"AGCGGTCGTTTGCATG-1",1.94728283286729
"AGCGGTCTCCGAAGAG-1",0
"AGCGGTCTCCTCAATT-1",0
"AGCGGTCTCTGGGCCA-1",0
"AGCGTATAGAACTGTA-1",3.94966317024934
"AGCGTATAGCGATGAC-1",1.7399468934154
"AGCGTATAGGTACTCT-1",0
"AGCGTATGTTGAGGTG-1",0
"AGCGTATTCCAGAGGA-1",1.70815189712004
"AGCGTCGAGTTGAGTA-1",3.94966317024934
"AGCGTCGCAGGGATTG-1",6.49718517957146
"AGCGTCGTCTGAAAGA-1",0
"AGCTCCTAGACCTAGG-1",0
"AGCTCCTAGCGTTTAC-1",0
"AGCTCCTGTGTTTGTG-1",0
"AGCTCCTGTTGTCTTT-1",0
"AGCTCCTTCCGAATGT-1",0
"AGCTCCTTCTTGACGA-1",1.96237499240504
"AGCTCTCAGCGGATCA-1",0
"AGCTCTCAGCTGTTCA-1",3.99240174800574
"AGCTCTCAGGTGCTAG-1",1.88456240551596
"AGCTCTCCATACAGCT-1",1.70815189712004
"AGCTCTCGTCAGAGGT-1",0
"AGCTCTCGTGGGTCAA-1",0
"AGCTCTCTCACAACGT-1",1.48586893971067
"AGCTCTCTCTTGACGA-1",0
"AGCTTGAAGCATCATC-1",0
"AGCTTGAAGTAGCGGT-1",0
"AGCTTGAAGTTGTCGT-1",3.40299452677423
"AGCTTGACAATCCAAC-1",3.91981028823499
"AGCTTGACACCGATAT-1",1.7000594688291
"AGCTTGAGTCTACCTC-1",1.94728283286729
"AGCTTGAGTGCGCTTG-1",3.29402581673282
"AGCTTGAGTTACGCGC-1",8.4508656879707
"AGCTTGATCCTGCCAT-1",1.84942857412342
"AGCTTGATCTGCAAGT-1",3.94966317024934
"AGGCCACAGAGTAAGG-1",0
"AGGCCACAGGGTCTCC-1",0
"AGGCCACAGTACTTGC-1",6.49718517957146
"AGGCCACCAGGACCCT-1",0
"AGGCCACCATCAGTCA-1",2.05625384589532
"AGGCCACTCATGCTCC-1",1.56668709405614
"AGGCCACTCATTGCGA-1",0
"AGGCCGTAGGATCGCA-1",1.95089811949327
"AGGCCGTCACGTAAGG-1",1.86355644233966
"AGGCCGTCAGCTCGAC-1",0
"AGGCCGTCATCGTCGG-1",1.82764235530237
"AGGCCGTTCACGGTTA-1",6.11813829500788
"AGGCCGTTCGAACTGT-1",0
"AGGCCGTTCTCAAGTG-1",2.05625384589532
"AGGCCGTTCTGCTTGC-1",0
"AGGGAGTAGCCCAACC-1",0
"AGGGAGTAGGAGTACC-1",0
"AGGGAGTAGGCAGGTT-1",2.65390253609724
"AGGGAGTCACGAGAGT-1",7.48727532473451
"AGGGAGTCAGAAGCAC-1",1.89169991741654
"AGGGAGTCAGATCCAT-1",3.3574391410705
"AGGGAGTCATCGACGC-1",1.60211828392297
"AGGGAGTCATGCTAGT-1",0
"AGGGAGTGTCCATGAT-1",0
"AGGGAGTTCATAACCG-1",1.96659215144957
"AGGGATGAGCTCTCGG-1",0
"AGGGATGAGGAGTAGA-1",1.70815189712004
"AGGGATGAGTAGCGGT-1",1.71821436207196
"AGGGATGCAATGAATG-1",0
"AGGGATGCAATGGAGC-1",1.39818618843915
"AGGGATGCACAAGACG-1",0
"AGGGATGCACATTTCT-1",0
"AGGGATGCATGGTCTA-1",0
"AGGGATGGTTAAAGTG-1",1.77814034080982
"AGGGATGGTTATGCGT-1",0
"AGGGATGTCGTGACAT-1",2.12109947721045
"AGGGTGAAGATGGCGT-1",0
"AGGGTGAAGATGGGTC-1",1.78182890102545
"AGGGTGAAGGCTCAGA-1",0
"AGGGTGACACGAGAGT-1",3.91981028823499
"AGGGTGACAGATGGCA-1",1.50602481706067
"AGGGTGACAGATTGCT-1",1.88645899306714
"AGGGTGAGTACTCTCC-1",4.02965309473629
"AGGGTGAGTTATCGGT-1",1.72576302731971
"AGGGTGAGTTCTGAAC-1",0
"AGGGTGATCTCGCTTG-1",1.65477614282002
"AGGTCATAGAGCCCAA-1",6.07846704391344
"AGGTCATAGCCAGAAC-1",2.67655803660094
"AGGTCATAGGCATGGT-1",1.7000594688291
"AGGTCATAGGGAGTAA-1",0
"AGGTCATCACTCAGGC-1",0
"AGGTCATCACTCTGTC-1",0
"AGGTCATGTTCCACTC-1",2.47227658554976
"AGGTCATTCTCGTTTA-1",1.60211828392297
"AGGTCCGAGGATGCGT-1",0
"AGGTCCGGTGATGCCC-1",1.88645899306714
"AGGTCCGTCCATGAAC-1",4.52073490978118
"AGGTCCGTCGCCCTTA-1",3.34167493200978
"AGGTCCGTCTGCGTAA-1",1.78182890102545
"AGTAGTCAGACTGTAA-1",1.70889228297558
"AGTAGTCAGTACGACG-1",0
"AGTAGTCAGTTTAGGA-1",1.78553667378979
"AGTAGTCCAACTGGCC-1",0
"AGTAGTCGTGCAGACA-1",0
"AGTAGTCTCACCCGAG-1",0
"AGTCTTTAGGCAGTCA-1",1.70482991525529
"AGTCTTTCAAATCCGT-1",1.86355644233966
"AGTCTTTCATATACCG-1",1.50547893870156
"AGTCTTTGTGCTTCTC-1",0
"AGTCTTTGTGTCCTCT-1",0
"AGTCTTTTCGCAGGCT-1",3.45490475373592
"AGTCTTTTCGCGTAGC-1",0
"AGTCTTTTCGCTAGCG-1",0
"AGTCTTTTCGCTTGTC-1",3.7258511661313
"AGTCTTTTCTGACCTC-1",1.90472393454897
"AGTGAGGAGATAGCAT-1",0
"AGTGAGGCAGGTGCCT-1",0
"AGTGAGGGTATGAAAC-1",0
"AGTGAGGGTCACTTCC-1",0
"AGTGAGGGTCGCGAAA-1",0
"AGTGAGGGTTATGTGC-1",1.4249289318177
"AGTGAGGTCTACTATC-1",0
"AGTGGGAAGCAGACTG-1",0
"AGTGGGACAAACGCGA-1",0
"AGTGGGACAAGCCGTC-1",0
"AGTGGGACACAGGAGT-1",3.94966317024934
"AGTGGGACACGAGAGT-1",1.50547893870156
"AGTGGGATCATCGATG-1",0
"AGTGGGATCCACGAAT-1",0
"AGTGGGATCCTGCAGG-1",0
"AGTGTCAAGAAGCCCA-1",3.06471394235882
"AGTGTCAAGCTAGTCT-1",4.29698643126553
"AGTGTCAAGTACGACG-1",0
"AGTGTCAAGTGAACAT-1",3.46204455177214
"AGTGTCACACCATCCT-1",1.87515212172843
"AGTGTCACAGTAAGCG-1",1.78059725485862
"AGTGTCACAGTGGAGT-1",0
"AGTGTCAGTAAACCTC-1",6.39985749403848
"AGTGTCAGTACAGCAG-1",0
"AGTGTCAGTCTCCACT-1",12.0976710115735
"AGTGTCAGTTTGACTG-1",0
"AGTGTCATCAAAGTAG-1",0
"AGTGTCATCCGTCAAA-1",1.65477614282002
"AGTGTCATCGTTACAG-1",0
"AGTGTCATCTGTCAAG-1",1.94728283286729
"AGTTGGTAGACTGTAA-1",1.48586893971067
"AGTTGGTAGTACGCGA-1",0
"AGTTGGTCAAATTGCC-1",0
"AGTTGGTCAGGAATGC-1",0
"AGTTGGTCATGCGCAC-1",0
"AGTTGGTGTACCGTAT-1",0
"AGTTGGTGTATGCTTG-1",3.45490475373592
"AGTTGGTGTCAGGACA-1",0
"AGTTGGTGTTCAGACT-1",0
"AGTTGGTTCAGTACGT-1",0
"AGTTGGTTCCTCAACC-1",4.29698643126553
"AGTTGGTTCGTACCGG-1",3.90759974047396
"AGTTGGTTCTGTCCGT-1",0
"ATAACGCAGTTGAGTA-1",0
"ATAACGCCACGTGAGA-1",6.07846704391344
"ATAACGCGTGAACCTT-1",0
"ATAACGCGTGTCCTCT-1",0
"ATAACGCGTGTGAAAT-1",1.78553667378979
"ATAACGCTCTCCGGTT-1",0
"ATAAGAGAGTCCGGTC-1",1.78182890102545
"ATAAGAGCAACTGCGC-1",0
"ATAAGAGCAGTATCTG-1",0
"ATAAGAGGTGACGCCT-1",3.27408134968318
"ATAAGAGGTTAAAGTG-1",1.40371918852262
"ATAAGAGTCAGCACAT-1",0
"ATAAGAGTCAGTGCAT-1",1.69025567164657
"ATAGACCAGAGAGCTC-1",0
"ATAGACCAGCCCAATT-1",0
"ATAGACCCAAGCCATT-1",0
"ATAGACCCATCTGGTA-1",2.72092133879211
"ATAGACCGTATATGGA-1",0
"ATAGACCGTGGACGAT-1",1.51704163256299
"ATAGACCGTGGCGAAT-1",0
"ATAGACCGTTTCGCTC-1",2.05625384589532
"ATCACGAAGAACTCGG-1",0
"ATCACGAAGACACGAC-1",1.88456240551596
"ATCACGAAGTTACCCA-1",0
"ATCACGACAAGACACG-1",0
"ATCACGACAAGCGTAG-1",1.6802341060118
"ATCACGACACACATGT-1",1.76197472089661
"ATCACGACACCACCAG-1",0
"ATCACGACACGGTAAG-1",1.6802341060118
"ATCACGACAGCGAACA-1",0
"ATCACGATCCCGACTT-1",0
"ATCACGATCGGTGTCG-1",3.430592942575
"ATCATCTAGCCTATGT-1",0
"ATCATCTAGGCCATAG-1",0
"ATCATCTAGTACTTGC-1",1.77814034080982
"ATCATCTCAGACGCCT-1",3.34167493200978
"ATCATCTCATCCGTGG-1",4.02965309473629
"ATCATCTGTATTACCG-1",0
"ATCATCTGTCACTTCC-1",0
"ATCATCTTCAGCGACC-1",0
"ATCATCTTCCTCAACC-1",0
"ATCATGGCAAGCGTAG-1",0
"ATCATGGCAAGGTTCT-1",0
"ATCATGGCACTACAGT-1",1.80098540064175
"ATCATGGGTAAGGGAA-1",0
"ATCATGGGTTGTGGCC-1",0
"ATCATGGTCAATAAGG-1",0
"ATCATGGTCCAATGGT-1",0
"ATCATGGTCGCCATAA-1",4.16945996151198
"ATCATGGTCGGTTAAC-1",1.53793562934172
"ATCCACCAGCTAGTCT-1",1.4249289318177
"ATCCACCAGGCTCTTA-1",0
"ATCCACCCAAACGTGG-1",0
"ATCCACCCAGTTAACC-1",0
"ATCCACCGTCCGAAGA-1",1.83734307652052
"ATCCACCGTTTGTTTC-1",3.60253032082918
"ATCCACCTCCTGCTTG-1",1.69025567164657
"ATCCACCTCCTTAATC-1",2.70339018313403
"ATCCACCTCTGGTATG-1",3.39332365160466
"ATCCGAAAGCGATGAC-1",0
"ATCCGAAAGCTAGGCA-1",1.40371918852262
"ATCCGAACAAACGTGG-1",1.96659215144957
"ATCCGAACAACAACCT-1",0
"ATCCGAACAAGGACTG-1",0
"ATCCGAACACCCATTC-1",0
"ATCCGAACACGGTAGA-1",0
"ATCCGAAGTAGCGCTC-1",1.48586893971067
"ATCCGAAGTCATTAGC-1",1.74383018970019
"ATCCGAAGTCTCTTAT-1",0
"ATCCGAATCCAACCAA-1",0
"ATCCGAATCCTTGACC-1",0
"ATCCGAATCTTGTCAT-1",0
"ATCGAGTAGACTTTCG-1",1.87281826504998
"ATCGAGTCATCCGGGT-1",1.78884874323438
"ATCGAGTGTCCCTTGT-1",1.94522474806892
"ATCGAGTGTCTCCCTA-1",1.78553667378979
"ATCGAGTTCATGCATG-1",1.58339518249613
"ATCGAGTTCCTGCCAT-1",1.87281826504998
"ATCTACTAGGTGTGGT-1",0
"ATCTACTCAGCTGTAT-1",0
"ATCTACTCAGTACACT-1",1.64189179728152
"ATCTACTCATGACATC-1",0
"ATCTACTGTAAGTAGT-1",1.89169991741654
"ATCTACTGTGTCGCTG-1",0
"ATCTACTTCCGCGTTT-1",1.70889228297558
"ATCTACTTCGCAAGCC-1",1.50547893870156
"ATCTACTTCTATCGCC-1",0
"ATCTACTTCTCTAAGG-1",0
"ATCTGCCAGGCTCAGA-1",2.34891345338384
"ATCTGCCGTACAGTTC-1",1.74383018970019
"ATCTGCCGTTGTGGAG-1",0
"ATCTGCCTCAGAGACG-1",0
"ATCTGCCTCAGCTGGC-1",1.64189179728152
"ATCTGCCTCGTACGGC-1",7.60638831467449
"ATCTGCCTCTCGAGTA-1",1.65477614282002
"ATCTGCCTCTGAGTGT-1",2.34891345338384
"ATCTGCCTCTTGTATC-1",0
"ATGAGGGAGGTCGGAT-1",1.53564386274411
"ATGAGGGCATGACGGA-1",0
"ATGAGGGCATTAGGCT-1",1.78059725485862
"ATGAGGGTCACATGCA-1",0
"ATGAGGGTCAGTCCCT-1",1.72576302731971
"ATGCGATAGTCAATAG-1",0
"ATGCGATCATGTTGAC-1",2.12109947721045
"ATGCGATGTGCAGTAG-1",0
"ATGCGATGTGCATCTA-1",6.81890600352169
"ATGCGATTCCCAAGAT-1",0
"ATGCGATTCGCCATAA-1",0
"ATGGGAGAGCAATATG-1",1.70815189712004
"ATGGGAGAGCCACGCT-1",1.77528463202455
"ATGGGAGAGGTGATAT-1",0
"ATGGGAGCACCAGGTC-1",0
"ATGGGAGCACTATCTT-1",1.65477614282002
"ATGGGAGCAGCATACT-1",0
"ATGGGAGCATAGAAAC-1",0
"ATGGGAGCATTACCTT-1",1.77814034080982
"ATGTGTGAGCGAAGGG-1",0
"ATGTGTGAGGGTTTCT-1",0
"ATGTGTGAGTTGAGTA-1",0
"ATGTGTGCACGGCGTT-1",3.59523892638684
"ATGTGTGCACGGTTTA-1",1.87281826504998
"ATGTGTGCAGTATAAG-1",0
"ATGTGTGTCACGCGGT-1",1.74383018970019
"ATTACTCAGATGTGTA-1",0
"ATTACTCAGCGTAATA-1",0
"ATTACTCAGGTGCACA-1",1.5724110491452
"ATTACTCAGTGAAGTT-1",0
"ATTACTCCAAACTGTC-1",0
"ATTACTCCACCATCCT-1",0
"ATTACTCCAGACTCGC-1",0
"ATTACTCCATATGCTG-1",6.39985749403848
"ATTACTCCATCGGTTA-1",0
"ATTACTCCATTGCGGC-1",0
"ATTACTCGTTAAAGAC-1",2.12109947721045
"ATTACTCTCCGAACGC-1",4.16945996151198
"ATTATCCAGAGTACCG-1",1.84045709961207
"ATTATCCAGCTTATCG-1",3.63832847716227
"ATTATCCCACAAGCCC-1",0
"ATTATCCCATATGAGA-1",0
"ATTATCCCATCTGGTA-1",2.94734782348546
"ATTATCCGTCGTTGTA-1",1.57788018942104
"ATTATCCGTCTCTCTG-1",0
"ATTATCCTCAACGGGA-1",0
"ATTATCCTCCGCGCAA-1",3.27408134968318
"ATTATCCTCTCCGGTT-1",0
"ATTCTACGTCACTTCC-1",1.78884874323438
"ATTCTACGTCTAGTCA-1",1.62563259835408
"ATTCTACGTTGTCGCG-1",0
"ATTGGACAGCAGATCG-1",3.48469361582847
"ATTGGACAGGGCATGT-1",0
"ATTGGACAGTGGACGT-1",0
"ATTGGACCAAGACACG-1",0
"ATTGGACGTAATAGCA-1",0
"ATTGGACTCCTGCTTG-1",0
"ATTGGACTCGGCGCAT-1",3.48469361582847
"ATTGGACTCGTTTGCC-1",3.68735873419194
"ATTGGTGAGAATGTTG-1",1.8964969142605
"ATTGGTGCAAGCTGAG-1",0
"ATTGGTGCAGCAGTTT-1",0
"ATTGGTGGTTGAGTTC-1",0
"ATTGGTGTCAAAGTAG-1",0
"ATTGGTGTCGGAAACG-1",0
"ATTTCTGAGGGATACC-1",0
"ATTTCTGAGGGATCTG-1",0
"ATTTCTGAGGTGTTAA-1",0
"ATTTCTGAGTCGAGTG-1",0
"ATTTCTGAGTTCGCAT-1",1.57788018942104
"ATTTCTGCAAGGTGTG-1",0
"ATTTCTGGTAGCTCCG-1",0
"ATTTCTGGTGCACGAA-1",0
"ATTTCTGGTTGCCTCT-1",1.82764235530237
"ATTTCTGTCAAAGTAG-1",2.70362182659538
"ATTTCTGTCAGCTCGG-1",0
"ATTTCTGTCTTGGGTA-1",1.62563259835408
"CAACCAAAGAAACGCC-1",0
"CAACCAAAGAGGGCTT-1",2.70339018313403
"CAACCAAAGCTGAAAT-1",1.4249289318177
"CAACCAAAGGACAGCT-1",1.8964969142605
"CAACCAAAGGGAGTAA-1",0
"CAACCAACATACGCTA-1",0
"CAACCTCAGTAATCCC-1",0
"CAACCTCCAGACGCAA-1",0
"CAACCTCGTGAGTGAC-1",0
"CAACCTCGTTCCACGG-1",0
"CAACCTCTCATACGGT-1",0
"CAACCTCTCCGATATG-1",0
"CAACCTCTCCTTTACA-1",1.50602481706067
"CAACCTCTCTCTAGGA-1",6.26439145643846
"CAACTAGAGAATAGGG-1",4.21194847739886
"CAACTAGAGGATGCGT-1",0
"CAACTAGCACCATCCT-1",0
"CAACTAGCAGACTCGC-1",0
"CAACTAGCAGTTCATG-1",0
"CAACTAGGTACGCACC-1",0
"CAACTAGTCAGGCCCA-1",0
"CAAGAAAAGAAGGACA-1",1.51704163256299
"CAAGAAAAGACGCACA-1",0
"CAAGAAAAGGCCCTTG-1",0
"CAAGAAAAGGTGATAT-1",0
"CAAGAAAAGTCGATAA-1",0
"CAAGAAAAGTGGAGTC-1",0
"CAAGAAAAGTGTACCT-1",1.50547893870156
"CAAGAAACACGGTGTC-1",1.78553667378979
"CAAGAAATCTGCTTGC-1",0
"CAAGATCAGCTGAAAT-1",1.69025567164657
"CAAGATCGTAAGAGGA-1",0
"CAAGATCGTGCCTTGG-1",1.87702456431488
"CAAGATCTCAACACCA-1",1.78059725485862
"CAAGATCTCTCGATGA-1",0
"CAAGGCCAGGAGTCTG-1",3.39059287425964
"CAAGGCCAGGCTATCT-1",0
"CAAGGCCCACGGTAAG-1",0
"CAAGGCCCATGTTCCC-1",1.88645899306714
"CAAGGCCGTCCGTCAG-1",0
"CAAGGCCTCAACGGGA-1",1.39818618843915
"CAAGGCCTCCTTGACC-1",4.02965309473629
"CAAGGCCTCGTGACAT-1",1.78182890102545
"CAAGTTGAGACAGGCT-1",0
"CAAGTTGAGATGTCGG-1",0
"CAAGTTGAGCGTCAAG-1",3.34167493200978
"CAAGTTGAGCGTTTAC-1",0
"CAAGTTGCACATTAGC-1",0
"CAAGTTGCACGCTTTC-1",0
"CAAGTTGCACGGTGTC-1",0
"CAAGTTGCATTCTTAC-1",2.47227658554976
"CAAGTTGGTACTCAAC-1",0
"CAAGTTGGTCAGGACA-1",0
"CAAGTTGGTCGGCACT-1",0
"CAAGTTGTCAACGAAA-1",0
"CAAGTTGTCACCACCT-1",0
"CAAGTTGTCATTGCCC-1",2.05625384589532
"CAAGTTGTCGAATCCA-1",1.70482991525529
"CAAGTTGTCTACTTAC-1",0
"CACAAACAGGGCTCTC-1",0
"CACAAACAGGGCTTGA-1",0
"CACAAACAGTGACATA-1",2.77412817725561
"CACAAACCAACTGCGC-1",3.48469361582847
"CACAAACCAATAAGCA-1",1.58339518249613
"CACAAACCAATCAGAA-1",0
"CACAAACCACTTAACG-1",1.6802341060118
"CACAAACCATGAACCT-1",1.93047041241648
"CACAAACCATGGTCAT-1",1.7399468934154
"CACAAACGTCAACTGT-1",0
"CACAAACGTCAGAATA-1",0
"CACAAACTCTTCGGTC-1",3.62756891493323
"CACAAACTCTTGGGTA-1",0
"CACACAAAGCGACGTA-1",0
"CACACAAAGGGAGTAA-1",2.34891345338384
"CACACAACAAACGTGG-1",0
"CACACAACACATGACT-1",1.600853486456
"CACACAACATCGATTG-1",3.19619837209934
"CACACAACATTGGGCC-1",0
"CACACAAGTACGACCC-1",3.39332365160466
"CACACAAGTCAGTGGA-1",1.7399468934154
"CACACAAGTCATCGGC-1",3.13425279360337
"CACACAAGTTTACTCT-1",0
"CACACAATCCACGTGG-1",1.96237499240504
"CACACAATCCACGTTC-1",1.83734307652052
"CACACAATCGGCGCAT-1",0
"CACACCTAGAGACTAT-1",0
"CACACCTAGGACATTA-1",0
"CACACCTAGTGTGAAT-1",1.84045709961207
"CACACCTCACTGAAGG-1",4.16945996151198
"CACACCTCATAGGATA-1",6.73791454882394
"CACACCTCATAGTAAG-1",0
"CACACCTCATTGGGCC-1",3.48469361582847
"CACACCTGTACAGCAG-1",3.13425279360337
"CACACCTGTACCGCTG-1",0
"CACACCTGTCCAAGTT-1",1.91009641529294
"CACACCTGTGGACGAT-1",0
"CACACCTGTGGTCTCG-1",1.70889228297558
"CACACCTTCATGTCTT-1",1.6848688061171
"CACACCTTCTGGCGAC-1",0
"CACACTCAGGGAAACA-1",0
"CACACTCCAACACCTA-1",0
"CACACTCCAAGGGTCA-1",0
"CACACTCGTGACGCCT-1",0
"CACACTCGTTTGTGTG-1",0
"CACAGGCAGCCATCGC-1",1.68989523212849
"CACAGGCAGGGATGGG-1",3.99379252711173
"CACAGGCCAAGAGTCG-1",1.78884874323438
"CACAGGCCAATGGAGC-1",3.91981028823499
"CACAGGCGTCTAGGTT-1",0
"CACAGGCGTTACGCGC-1",0
"CACAGGCTCGGGAGTA-1",0
"CACAGGCTCTATGTGG-1",0
"CACAGTAAGACGCAAC-1",0
"CACAGTAAGACGCACA-1",1.64189179728152
"CACAGTAAGTGGGCTA-1",0
"CACAGTACAACTGGCC-1",1.56668709405614
"CACAGTACATCGGACC-1",0
"CACAGTAGTTCCATGA-1",0
"CACATAGAGCCCAATT-1",0
"CACATAGAGTGTACTC-1",3.65820333944386
"CACATAGCACTTCTGC-1",1.6848688061171
"CACATAGCAGGGTATG-1",0
"CACATAGTCCTTGCCA-1",0
"CACATAGTCGGCGCAT-1",0
"CACATTTAGCAGATCG-1",1.62563259835408
"CACATTTAGGGCACTA-1",1.83734307652052
"CACATTTCACGGCGTT-1",1.71821436207196
"CACATTTCATTACCTT-1",3.80609019734802
"CACATTTGTCGAACAG-1",0
"CACATTTGTGTTGAGG-1",1.40371918852262
"CACATTTTCCAGAGGA-1",3.60665922698555
"CACATTTTCCGCATCT-1",0
"CACATTTTCTACTATC-1",1.68989523212849
"CACATTTTCTGTGCAA-1",1.94728283286729
"CACCACTAGCCACGTC-1",3.27408134968318
"CACCACTAGTGGTAAT-1",1.72576302731971
"CACCACTAGTTACCCA-1",1.78182890102545
"CACCACTCAAGCCCAC-1",1.87281826504998
"CACCACTCAGTTCATG-1",1.81118739678147
"CACCACTGTTATTCTC-1",0
"CACCACTTCACCGGGT-1",1.70482991525529
"CACCACTTCGAATCCA-1",0
"CACCACTTCGACCAGC-1",0
"CACCACTTCTAACCGA-1",0
"CACCACTTCTTTAGTC-1",1.7399468934154
"CACCAGGCACATTAGC-1",0
"CACCAGGCACTGCCAG-1",0
"CACCAGGCATAAAGGT-1",0
"CACCAGGCATGAACCT-1",1.89169991741654
"CACCAGGGTGAAATCA-1",0
"CACCAGGGTGTTTGGT-1",0
"CACCAGGGTTATCACG-1",1.78059725485862
"CACCAGGTCATGTAGC-1",0
"CACCAGGTCTGCTTGC-1",1.78182890102545
"CACCTTGAGACTTGAA-1",0
"CACCTTGAGTCAATAG-1",6.39985749403848
"CACCTTGCAGGCGATA-1",3.430592942575
"CACCTTGCATTCCTGC-1",4.90953240262438
"CACCTTGGTCATTAGC-1",0
"CACCTTGGTGATGTCT-1",1.77528463202455
"CACCTTGGTTATGTGC-1",0
"CACCTTGTCAACCATG-1",1.89601581014423
"CACCTTGTCATTATCC-1",6.49718517957146
"CACCTTGTCCAAAGTC-1",0
"CACCTTGTCTCACATT-1",5.49854613097341
"CACTCCAAGACAAGCC-1",0
"CACTCCAAGGTACTCT-1",1.68989523212849
"CACTCCACAATGGACG-1",0
"CACTCCAGTACATGTC-1",2.07308014163831
"CACTCCAGTTGTCGCG-1",0
"CACTCCATCAACACAC-1",0
"CACTCCATCCCAGGTG-1",7.47623045475616
"CAGAATCAGAAACCTA-1",1.95089811949327
"CAGAATCAGCCAACAG-1",0
"CAGAATCAGCTGGAAC-1",0
"CAGAATCAGGACTGGT-1",1.7000594688291
"CAGAATCAGTATCGAA-1",0
"CAGAATCCACAGAGGT-1",2.67655803660094
"CAGAATCCAGGGTACA-1",0
"CAGAATCGTAAGTGTA-1",1.78884874323438
"CAGAATCGTAATCACC-1",0
"CAGAATCTCAGTTTGG-1",0
"CAGAATCTCGCAAGCC-1",1.69025567164657
"CAGAATCTCGGTCCGA-1",0
"CAGAATCTCTTGCAAG-1",0
"CAGAATCTCTTGTACT-1",1.87561978493154
"CAGAGAGAGAATTGTG-1",1.65477614282002
"CAGAGAGAGCAATATG-1",0
"CAGAGAGCAAGAAGAG-1",0
"CAGAGAGCACCAGATT-1",6.07846704391344
"CAGAGAGGTAATCACC-1",2.34891345338384
"CAGAGAGGTAGCTGCC-1",1.88645899306714
"CAGAGAGGTAGGACAC-1",1.70815189712004
"CAGAGAGGTATAGGGC-1",0
"CAGAGAGGTCCGAATT-1",3.60665922698555
"CAGAGAGGTTGAGGTG-1",0
"CAGAGAGTCACCCGAG-1",0
"CAGAGAGTCATAACCG-1",1.94522474806892
"CAGAGAGTCCGAACGC-1",0
"CAGAGAGTCTGGTATG-1",0
"CAGATCAAGAGACGAA-1",12.0976710115735
"CAGATCAAGCACCGTC-1",3.80609019734802
"CAGATCAAGCTTCGCG-1",0
"CAGATCAAGGATTCGG-1",0
"CAGATCAAGTGTACCT-1",0
"CAGATCAAGTTTAGGA-1",1.53564386274411
"CAGATCACAATAACGA-1",1.600853486456
"CAGATCACACACCGAC-1",0
"CAGATCACACGGTAAG-1",1.96237499240504
"CAGATCACACTCTGTC-1",0
"CAGATCACAGCATACT-1",0
"CAGATCACAGTGGGAT-1",0
"CAGATCAGTACCAGTT-1",0
"CAGATCAGTGCGGTAA-1",0
"CAGATCATCTGATTCT-1",0
"CAGCAGCAGATGCCAG-1",3.48469361582847
"CAGCAGCAGGGAACGG-1",4.02965309473629
"CAGCAGCCACCTATCC-1",2.72092133879211
"CAGCAGCCATCACAAC-1",1.8964969142605
"CAGCAGCTCAACACTG-1",0
"CAGCAGCTCGAACTGT-1",3.94966317024934
"CAGCAGCTCGCCGTGA-1",7.24022013409698
"CAGCATAAGAGACGAA-1",3.3574391410705
"CAGCATAGTCTAGGTT-1",4.90304546993914
"CAGCATAGTTTACTCT-1",0
"CAGCATATCACGAAGG-1",1.88645899306714
"CAGCATATCAGGCAAG-1",4.7134112473552
"CAGCATATCCTTAATC-1",0
"CAGCCGAAGCATCATC-1",2.70362182659538
"CAGCCGAAGTTTCCTT-1",0
"CAGCCGACACGTGAGA-1",7.47623045475616
"CAGCCGACATCAGTCA-1",0
"CAGCCGAGTGATGTCT-1",0
"CAGCCGATCACCAGGC-1",0
"CAGCCGATCCTCAATT-1",0
"CAGCGACAGAAACGCC-1",0
"CAGCGACAGCGTCAAG-1",0
"CAGCGACCAAACGTGG-1",0
"CAGCGACCAAAGCGGT-1",0
"CAGCGACCACGTCAGC-1",0
"CAGCGACCATGGGACA-1",5.04543973426827
"CAGCGACGTCTGATTG-1",0
"CAGCGACGTGGACGAT-1",0
"CAGCGACGTGGTTTCA-1",1.8964969142605
"CAGCGACGTTCGGCAC-1",0
"CAGCGACTCCGCAAGC-1",3.60665922698555
"CAGCGACTCTGGGCCA-1",0
"CAGCTAAAGATGTGTA-1",1.5724110491452
"CAGCTAAAGCAGACTG-1",1.48586893971067
"CAGCTAAAGCTGTTCA-1",2.59949510326887
"CAGCTAAAGGAGCGTT-1",1.7000594688291
"CAGCTAACACAGATTC-1",3.5542584893787
"CAGCTAACATCAGTAC-1",0
"CAGCTAAGTAATCGTC-1",0
"CAGCTAAGTCTCACCT-1",1.78884874323438
"CAGCTAAGTTCGTCTC-1",0
"CAGCTAATCCACGCAG-1",1.50602481706067
"CAGCTAATCCCTAACC-1",6.09734176242492
"CAGCTAATCTGGTTCC-1",5.02187428004077
"CAGCTAATCTTAGCCC-1",3.02496999710842
"CAGCTAATCTTCGGTC-1",0
"CAGCTGGAGACACTAA-1",2.47227658554976
"CAGCTGGAGATCCTGT-1",1.81118739678147
"CAGCTGGCACCAACCG-1",0
"CAGCTGGCAGTGGAGT-1",4.29698643126553
"CAGCTGGCATGCATGT-1",0
"CAGCTGGTCTACCTGC-1",0
"CAGGTGCAGAGACGAA-1",3.7258511661313
"CAGGTGCAGATCCTGT-1",1.40395083198397
"CAGGTGCAGGCATGTG-1",0
"CAGGTGCCAGGAACGT-1",1.83734307652052
"CAGGTGCCATAGTAAG-1",0
"CAGGTGCCATCGGAAG-1",3.80609019734802
"CAGGTGCTCAGTTGAC-1",1.74383018970019
"CAGGTGCTCCAAGTAC-1",8.26605714043331
"CAGGTGCTCTTGTATC-1",2.34891345338384
"CAGTAACAGATATGGT-1",0
"CAGTAACAGATGGCGT-1",0
"CAGTAACCAATCACAC-1",6.27206007882455
"CAGTAACCACTCGACG-1",0
"CAGTAACGTGATAAGT-1",0
"CAGTAACGTGCACCAC-1",1.60211828392297
"CAGTAACTCAGAGGTG-1",0
"CAGTAACTCGTACGGC-1",1.5724110491452
"CAGTAACTCGTGACAT-1",0
"CAGTAACTCTGCCAGG-1",0
"CAGTCCTAGAATCTCC-1",0
"CAGTCCTAGATCTGCT-1",1.62563259835408
"CAGTCCTCAGTATAAG-1",0
"CAGTCCTTCAACACGT-1",1.87515212172843
"CAGTCCTTCCATGAGT-1",1.83734307652052
"CAGTCCTTCCCGACTT-1",0
"CAGTCCTTCCCTTGTG-1",0
"CAGTCCTTCGAACGGA-1",0
"CAGTCCTTCGGTTCGG-1",0
"CAGTCCTTCTACTTAC-1",0
"CATATGGAGAGATGAG-1",3.91981028823499
"CATATGGAGGCATGGT-1",0
"CATATGGAGTATTGGA-1",0
"CATATGGCAAGCGTAG-1",0
"CATATGGGTCGCATAT-1",4.30940131255208
"CATATGGTCATTATCC-1",0
"CATATGGTCATTGCGA-1",0
"CATATTCCACCACCAG-1",0
"CATATTCGTGACTACT-1",1.40371918852262
"CATATTCGTGGTACAG-1",7.9593251913372
"CATATTCGTGTGACGA-1",1.82764235530237
"CATATTCTCACAGGCC-1",0
"CATATTCTCGCAAACT-1",9.02699182307126
"CATCAAGAGAACTCGG-1",1.80098540064175
"CATCAAGAGATGGCGT-1",7.9593251913372
"CATCAAGAGCCGCCTA-1",0
"CATCAAGCACGAAACG-1",0
"CATCAAGCAGCCTTTC-1",0
"CATCAAGCATGGAATA-1",1.77528463202455
"CATCAAGGTTACTGAC-1",0
"CATCAAGGTTCCATGA-1",1.70815189712004
"CATCAAGTCTAAGCCA-1",0
"CATCAAGTCTGACCTC-1",0
"CATCAGAAGCTAGTCT-1",0
"CATCAGACAAGCCATT-1",1.81419047444502
"CATCAGACAATGACCT-1",0
"CATCAGACACGGCCAT-1",0
"CATCAGACAGACAGGT-1",0
"CATCAGACATAACCTG-1",0
"CATCAGAGTAATTGGA-1",0
"CATCAGAGTACATGTC-1",0
"CATCAGAGTGTTAAGA-1",0
"CATCAGAGTTCAACCA-1",0
"CATCAGATCGTTGACA-1",3.46204455177214
"CATCCACGTAAAGTCA-1",1.4249289318177
"CATCCACGTACCGTAT-1",0
"CATCCACGTGCCTGTG-1",0
"CATCCACGTTTAAGCC-1",0
"CATCGAAAGAGTACAT-1",0
"CATCGAAAGCTGTCTA-1",0
"CATCGAACAAGAGGCT-1",2.94734782348546
"CATCGAACAAGCTGAG-1",3.91981028823499
"CATCGAACACATTTCT-1",0
"CATCGAACATAAAGGT-1",1.77528463202455
"CATCGAAGTAGTACCT-1",0
"CATCGAAGTCCGACGT-1",2.12109947721045
"CATCGAAGTGCACTTA-1",1.58339518249613
"CATCGAATCAAACCAC-1",0
"CATCGAATCCGCGGTA-1",1.86355644233966
"CATCGAATCCGTAGTA-1",0
"CATCGGGAGAAGCCCA-1",0
"CATCGGGAGCGAGAAA-1",0
"CATCGGGAGGGTGTGT-1",0
"CATCGGGAGGTGTTAA-1",0
"CATCGGGAGTGACTCT-1",0
"CATCGGGCACTCAGGC-1",2.70362182659538
"CATCGGGCAGACGCTC-1",0
"CATCGGGCATCACAAC-1",0
"CATCGGGGTCCTCTTG-1",0
"CATCGGGGTGAGGGAG-1",0
"CATCGGGGTTCGAATC-1",0
"CATCGGGTCAGGATCT-1",1.83734307652052
"CATCGGGTCCACGAAT-1",0
"CATCGGGTCGATGAGG-1",1.40395083198397
"CATGACAAGACCACGA-1",0
"CATGACAAGCTCCTCT-1",0
"CATGACAAGTAACCCT-1",0
"CATGACAAGTATCTCG-1",0
"CATGACAGTCGTCTTC-1",0
"CATGACAGTGAACCTT-1",4.1095201138172
"CATGACATCAATAAGG-1",0
"CATGACATCTAACTGG-1",0
"CATGCCTAGACCTAGG-1",1.87515212172843
"CATGCCTAGAGTCTGG-1",0
"CATGCCTCACCACCAG-1",1.94728283286729
"CATGCCTGTCAAAGCG-1",0
"CATGCCTGTCGATTGT-1",3.5542584893787
"CATGCCTTCCACGACG-1",0
"CATGCCTTCCTCATTA-1",1.82764235530237
"CATGCCTTCGCATGAT-1",1.87281826504998
"CATGGCGAGAGCTGGT-1",0
"CATGGCGAGTACGACG-1",1.96659215144957
"CATGGCGTCCAAAGTC-1",3.99240174800574
"CATGGCGTCCCTTGTG-1",0
"CATGGCGTCGGCCGAT-1",0
"CATGGCGTCTCAAACG-1",0
"CATGGCGTCTGCCCTA-1",0
"CATTATCAGACCCACC-1",1.96659215144957
"CATTATCAGTCCCACG-1",0
"CATTATCCAAGTCTGT-1",0
"CATTATCCAGGGCATA-1",5.15881174451066
"CATTATCGTCAATGTC-1",4.02965309473629
"CATTATCTCACAAACC-1",0
"CATTATCTCAGATAAG-1",1.50602481706067
"CATTATCTCGCGTTTC-1",0
"CATTATCTCGTTGCCT-1",2.12109947721045
"CATTATCTCTATCCCG-1",2.34891345338384
"CATTATCTCTTAACCT-1",0
"CATTCGCAGGTGCTAG-1",6.69997980781975
"CATTCGCCAAGGGTCA-1",0
"CATTCGCCAGCCTATA-1",0
"CATTCGCCATACAGCT-1",1.50547893870156
"CATTCGCCATGGATGG-1",1.78884874323438
"CATTCGCCATGTCTCC-1",0
"CATTCGCCATTCACTT-1",0
"CATTCGCGTAGCACGA-1",0
"CATTCGCTCATCACCC-1",1.78884874323438
"CCAATCCAGACCACGA-1",0
"CCAATCCAGATATGGT-1",0
"CCAATCCAGTCGAGTG-1",1.88645899306714
"CCAATCCAGTCGTTTG-1",0
"CCAATCCAGTTTAGGA-1",0
"CCAATCCCAAGCGAGT-1",2.72092133879211
"CCAATCCTCGGACAAG-1",0
"CCACCTAAGGATGGTC-1",4.07366697697421
"CCACCTAAGTCGAGTG-1",0
"CCACCTAAGTGGGATC-1",1.78059725485862
"CCACCTAAGTGTGGCA-1",0
"CCACCTACAACAACCT-1",0
"CCACCTACAAGCCGCT-1",0
"CCACCTACAATCTACG-1",0
"CCACCTAGTAGTACCT-1",0
"CCACCTAGTCGCGTGT-1",0
"CCACCTAGTGGGTCAA-1",1.96237499240504
"CCACCTATCAGTTGAC-1",0
"CCACCTATCTGATACG-1",4.30940131255208
"CCACGGAAGGGAACGG-1",1.88456240551596
"CCACGGACATGTCGAT-1",0
"CCACGGAGTAAGGGCT-1",0
"CCACGGAGTCAGATAA-1",0
"CCACGGAGTCCGTGAC-1",0
"CCACGGAGTGTAATGA-1",1.82764235530237
"CCACGGAGTTCTGAAC-1",0
"CCACGGATCACATAGC-1",2.07308014163831
"CCACGGATCCACGTGG-1",0
"CCACGGATCTACTATC-1",5.84567898039357
"CCACGGATCTAGAGTC-1",1.78884874323438
"CCACTACAGAGTACCG-1",1.7000594688291
"CCACTACAGCTTTGGT-1",2.34891345338384
"CCACTACCAGCAGTTT-1",7.24022013409698
"CCACTACCAGTAGAGC-1",1.84045709961207
"CCACTACGTCCGAATT-1",2.72092133879211
"CCACTACGTCTCAACA-1",2.12109947721045
"CCACTACGTGACAAAT-1",2.47227658554976
"CCACTACGTGACCAAG-1",1.81118739678147
"CCACTACGTGCACGAA-1",1.86355644233966
"CCACTACTCACTCTTA-1",1.7000594688291
"CCACTACTCCGCATCT-1",1.62563259835408
"CCACTACTCGGAAATA-1",1.53793562934172
"CCACTACTCTCGTATT-1",0
"CCACTACTCTCGTTTA-1",0
"CCAGCGAAGCCCAACC-1",0
"CCAGCGACATCGGGTC-1",6.7437255118731
"CCAGCGACATGTCCTC-1",3.38015090377506
"CCAGCGAGTAGGCATG-1",1.88645899306714
"CCAGCGAGTCCGTTAA-1",1.6848688061171
"CCAGCGATCAGAAATG-1",0
"CCATGTCAGCGATCCC-1",1.87702456431488
"CCATGTCAGGTCGGAT-1",1.87561978493154
"CCATGTCAGGTTACCT-1",1.51704163256299
"CCATGTCCAAGCTGGA-1",2.72092133879211
"CCATGTCCACATCCGG-1",1.7000594688291
"CCATGTCGTCCAGTAT-1",3.85932451350301
"CCATGTCTCCAAGTAC-1",0
"CCATGTCTCTTGTATC-1",0
"CCATTCGCAGTACACT-1",0
"CCATTCGCAGTTTACG-1",0
"CCATTCGGTAATCGTC-1",0
"CCATTCGGTATTACCG-1",0
"CCCAATCAGTCACGCC-1",0
"CCCAATCCAGGTGGAT-1",1.600853486456
"CCCAATCGTGAAGGCT-1",0
"CCCAATCGTTGGAGGT-1",1.69025567164657
"CCCAATCTCACATGCA-1",0
"CCCAATCTCCAGTATG-1",1.78059725485862
"CCCAATCTCGGAGCAA-1",3.60665922698555
"CCCAGTTAGAATAGGG-1",6.07846704391344
"CCCAGTTAGATCCCGC-1",0
"CCCAGTTAGCGTGAAC-1",0
"CCCAGTTAGGAATCGC-1",0
"CCCAGTTAGTCCGGTC-1",0
"CCCAGTTAGTTTGCGT-1",0
"CCCAGTTGTACATGTC-1",0
"CCCAGTTGTCTGCAAT-1",2.70339018313403
"CCCAGTTTCTGAAAGA-1",0
"CCCATACAGGGTTCCC-1",1.96237499240504
"CCCATACAGTGTTTGC-1",0
"CCCATACCAAAGGTGC-1",0
"CCCATACCAACACCCG-1",0
"CCCATACCAGCAGTTT-1",0
"CCCATACGTATTACCG-1",2.05625384589532
"CCCATACGTCAATACC-1",1.89601581014423
"CCCATACGTCTAGTCA-1",0
"CCCATACGTTGAGTTC-1",0
"CCCATACTCAATAAGG-1",0
"CCCATACTCAGCGACC-1",1.78884874323438
"CCCATACTCATCACCC-1",3.48469361582847
"CCCATACTCCGTAGGC-1",2.05625384589532
"CCCTCCTAGGAATCGC-1",0
"CCCTCCTCAGCTTAAC-1",3.13425279360337
"CCCTCCTCATATGAGA-1",0
"CCCTCCTCATCACGTA-1",3.02496999710842
"CCCTCCTGTATGGTTC-1",0
"CCCTCCTGTTAGATGA-1",3.7258511661313
"CCCTCCTTCAATCACG-1",3.65820333944386
"CCCTCCTTCCGCAGTG-1",1.62563259835408
"CCGGGATAGCTTCGCG-1",1.76197472089661
"CCGGGATAGGCGACAT-1",0
"CCGGGATAGGCTAGGT-1",0
"CCGGGATCACAGTCGC-1",1.90472393454897
"CCGGGATGTATAGGTA-1",0
"CCGGGATTCAGAGCTT-1",0
"CCGGGATTCGCTAGCG-1",0
"CCGGGATTCGCTTGTC-1",3.63832847716227
"CCGGTAGAGCGTCTAT-1",1.7000594688291
"CCGGTAGAGTACGCCC-1",1.69025567164657
"CCGGTAGCACATAACC-1",6.49718517957146
"CCGGTAGCACGCATCG-1",2.18382640423796
"CCGGTAGGTACTTCTT-1",1.89169991741654
"CCGGTAGGTCAAACTC-1",0
"CCGGTAGTCGTCCGTT-1",0
"CCGTACTAGAGAACAG-1",0
"CCGTACTAGTCCGTAT-1",3.48469361582847
"CCGTACTCAAGCCCAC-1",2.12109947721045
"CCGTACTCAAGCGAGT-1",7.60638831467449
"CCGTACTCATCCCACT-1",1.96237499240504
"CCGTACTGTACAGCAG-1",0
"CCGTACTGTGCGGTAA-1",0
"CCGTACTTCGTTACAG-1",3.48469361582847
"CCGTGGAAGACGCACA-1",3.27408134968318
"CCGTGGAAGAGTTGGC-1",0
"CCGTGGAAGGTGATAT-1",0
"CCGTGGAAGGTTCCTA-1",0
"CCGTGGACAGCCTTGG-1",0
"CCGTGGAGTTCCATGA-1",0
"CCGTGGATCTAACTTC-1",0
"CCGTTCAAGCGTAATA-1",4.51553638081919
"CCGTTCAAGTACGATA-1",4.73811598515394
"CCGTTCAAGTAGATGT-1",0
"CCGTTCACAGGATCGA-1",1.82764235530237
"CCGTTCAGTATAGGGC-1",0
"CCGTTCAGTCGCGAAA-1",1.88645899306714
"CCGTTCATCGTACCGG-1",1.87515212172843
"CCTAAAGAGAGTTGGC-1",1.88456240551596
"CCTAAAGCAAACCTAC-1",0
"CCTAAAGCATGTCTCC-1",1.84045709961207
"CCTAAAGGTACTCAAC-1",0
"CCTAAAGGTCGGCACT-1",1.50547893870156
"CCTAAAGGTGTAATGA-1",6.7437255118731
"CCTAAAGTCACCGTAA-1",0
"CCTAAAGTCAGCGATT-1",0
"CCTAAAGTCGGCGCTA-1",0
"CCTAAAGTCGGTCCGA-1",0
"CCTACACAGGACCACA-1",1.600853486456
"CCTACACAGGGTGTTG-1",1.71821436207196
"CCTACACCAGTAAGAT-1",0
"CCTACACGTATAGTAG-1",0
"CCTACACGTCCGAACC-1",0
"CCTACACGTGGGTCAA-1",0
"CCTACACGTTTGACTG-1",0
"CCTACACTCGGCGCTA-1",2.34891345338384
"CCTACACTCGTGACAT-1",1.40395083198397
"CCTACCAAGATAGGAG-1",0
"CCTACCAAGCAAATCA-1",1.74383018970019
"CCTACCAAGCGTAGTG-1",1.82764235530237
"CCTACCAAGTGCGATG-1",1.94728283286729
"CCTACCAGTATCAGTC-1",0
"CCTACCAGTCTCTCTG-1",3.65820333944386
"CCTACCAGTCTTTCAT-1",1.600853486456
"CCTACCATCAGCACAT-1",0
"CCTACCATCGCCAGCA-1",1.96659215144957
"CCTAGCTAGCAAATCA-1",0
"CCTAGCTAGCTCCTCT-1",2.72092133879211
"CCTAGCTAGGTTACCT-1",0
"CCTAGCTAGTACGCGA-1",0
"CCTAGCTCAATGAATG-1",0
"CCTAGCTCAATGGTCT-1",0
"CCTAGCTCACATCCAA-1",0
"CCTAGCTCAGCCAGAA-1",7.9593251913372
"CCTAGCTGTAGAAAGG-1",1.70889228297558
"CCTAGCTGTCACCCAG-1",2.07308014163831
"CCTAGCTGTCTGATTG-1",1.88456240551596
"CCTAGCTTCACGATGT-1",0
"CCTAGCTTCGTAGGAG-1",3.02496999710842
"CCTATTAAGAATTCCC-1",0
"CCTATTAAGCAGGCTA-1",2.77412817725561
"CCTATTAAGCAGGTCA-1",2.72092133879211
"CCTATTAAGGGAGTAA-1",0
"CCTATTAAGGTAGCCA-1",0
"CCTATTACACAACTGT-1",4.51553638081919
"CCTATTACACATCCGG-1",0
"CCTATTAGTCAATACC-1",0
"CCTATTATCATCACCC-1",0
"CCTATTATCTGCGACG-1",0
"CCTCAGTAGCTAACTC-1",0
"CCTCAGTCAGGTGGAT-1",0
"CCTCAGTGTCCATCCT-1",3.0246058625753
"CCTCAGTGTCCGACGT-1",1.39818618843915
"CCTCAGTGTCTTGTCC-1",2.94734782348546
"CCTCAGTGTGGGTATG-1",3.48469361582847
"CCTCTGAAGTATCGAA-1",0
"CCTCTGAAGTGGGTTG-1",1.96659215144957
"CCTCTGACAAGCTGTT-1",3.60253032082918
"CCTCTGACACCGATAT-1",2.77412817725561
"CCTCTGACAGATGAGC-1",0
"CCTCTGAGTCAATACC-1",0
"CCTCTGAGTCCGAACC-1",6.73791454882394
"CCTCTGAGTCGTGGCT-1",0
"CCTCTGAGTCTGATTG-1",1.88645899306714
"CCTTACGCAAGCGTAG-1",0
"CCTTACGCACCAACCG-1",0
"CCTTACGGTCATCCCT-1",3.90759974047396
"CCTTACGGTCCTCTTG-1",0
"CCTTACGTCACAACGT-1",1.93047041241648
"CCTTACGTCATCTGCC-1",3.29402581673282
"CCTTACGTCGGAGGTA-1",1.8964969142605
"CCTTCCCAGAGACTAT-1",4.16945996151198
"CCTTCCCAGCTAGGCA-1",0
"CCTTCCCAGGACGAAA-1",1.74383018970019
"CCTTCCCAGGGCATGT-1",0
"CCTTCCCAGGTACTCT-1",3.91981028823499
"CCTTCCCCATGATCCA-1",0
"CCTTCCCTCAAGGCTT-1",0
"CCTTCCCTCTATCCTA-1",3.34167493200978
"CCTTCCCTCTATCGCC-1",1.70815189712004
"CCTTCGAAGGCGCTCT-1",0
"CCTTCGACAACACCCG-1",1.82764235530237
"CCTTCGACAGCGATCC-1",2.72092133879211
"CCTTCGAGTAAGCACG-1",0
"CCTTCGAGTCCATGAT-1",4.51553638081919
"CCTTCGAGTGTGACCC-1",0
"CCTTCGAGTTGGTGGA-1",0
"CCTTCGATCACAGTAC-1",4.1095201138172
"CCTTCGATCCTATGTT-1",6.7437255118731
"CCTTCGATCGCACTCT-1",3.99240174800574
"CCTTTCTAGACGCTTT-1",1.40371918852262
"CCTTTCTAGGGCACTA-1",1.7000594688291
"CCTTTCTAGTGGAGTC-1",1.72576302731971
"CCTTTCTCAGACAAGC-1",1.57788018942104
"CCTTTCTCATCACGAT-1",0
"CCTTTCTCATGCCCGA-1",3.27408134968318
"CCTTTCTTCCCACTTG-1",0
"CCTTTCTTCTTTACGT-1",5.49854613097341
"CGAACATCACATGACT-1",2.05625384589532
"CGAACATCACTTGGAT-1",1.94728283286729
"CGAACATCAGTCCTTC-1",4.97433871290916
"CGAACATGTCTGATTG-1",0
"CGAACATGTGCTGTAT-1",0
"CGAACATTCTCAAACG-1",1.70482991525529
"CGAATGTAGAGGTTAT-1",0
"CGAATGTAGCGATAGC-1",0
"CGAATGTAGTTCGCAT-1",0
"CGAATGTCAATGCCAT-1",0
"CGAATGTGTCTAGTCA-1",0
"CGAATGTGTCTCACCT-1",0
"CGAATGTTCAACACAC-1",1.82764235530237
"CGAATGTTCATCACCC-1",0
"CGAATGTTCTGTACGA-1",1.96659215144957
"CGACCTTAGCTACCGC-1",0
"CGACCTTAGCTAGTCT-1",0
"CGACCTTCAAAGTGCG-1",0
"CGACCTTCACGAAATA-1",1.88645899306714
"CGACCTTGTAAGTGTA-1",0
"CGACCTTGTCAGAATA-1",0
"CGACCTTGTCTCCCTA-1",6.07846704391344
"CGACCTTGTCTCTTAT-1",0
"CGACCTTTCCGCGTTT-1",0
"CGACCTTTCGTTTATC-1",0
"CGACCTTTCTCCAGGG-1",3.40299452677423
"CGACTTCAGACACGAC-1",2.05625384589532
"CGACTTCAGGTAGCCA-1",0
"CGACTTCAGTCTTGCA-1",0
"CGACTTCCAATGGACG-1",2.72092133879211
"CGACTTCGTGGTGTAG-1",0
"CGACTTCGTTGAGTTC-1",0
"CGACTTCTCACTTACT-1",0
"CGACTTCTCTCGCTTG-1",0
"CGAGAAGAGAAACGCC-1",0
"CGAGAAGAGCCAACAG-1",0
"CGAGAAGAGCGTGTCC-1",0
"CGAGAAGCAAGTTCTG-1",0
"CGAGAAGCACATCCGG-1",0
"CGAGAAGCAGGCTGAA-1",2.12109947721045
"CGAGAAGTCGGATGGA-1",0
"CGAGCACAGCCAGAAC-1",1.78884874323438
"CGAGCACCACATGTGT-1",0
"CGAGCACGTAGCGTCC-1",0
"CGAGCACGTAGCGTGA-1",2.05625384589532
"CGAGCACGTCAGATAA-1",1.79134292404771
"CGAGCACGTGCCTTGG-1",2.47227658554976
"CGAGCACTCCCGGATG-1",0
"CGAGCACTCCGCTGTT-1",0
"CGAGCACTCGTGACAT-1",0
"CGAGCCAAGCTAGCCC-1",0
"CGAGCCAGTATATCCG-1",0
"CGAGCCAGTCAAGCGA-1",0
"CGATCGGAGAGCCTAG-1",0
"CGATCGGAGTACGATA-1",0
"CGATCGGCAAACGCGA-1",2.65390253609724
"CGATCGGCAAGCGATG-1",6.39985749403848
"CGATCGGCAATACGCT-1",1.7399468934154
"CGATCGGCAGTTAACC-1",0
"CGATCGGCATACTCTT-1",1.74383018970019
"CGATCGGGTCGACTGC-1",4.90953240262438
"CGATCGGTCAACGGGA-1",2.34891345338384
"CGATCGGTCTAGCACA-1",1.84582669049833
"CGATGGCAGCCGTCGT-1",1.5724110491452
"CGATGGCAGTCCAGGA-1",1.60211828392297
"CGATGGCCACTTAACG-1",1.65477614282002
"CGATGGCCAGCGTAAG-1",4.16945996151198
"CGATGGCCATCATCCC-1",0
"CGATGGCTCCTAGAAC-1",0
"CGATGGCTCGCTAGCG-1",0
"CGATGGCTCTGACCTC-1",0
"CGATGTAAGGCAATTA-1",0
"CGATGTAAGTTTGCGT-1",4.30940131255208
"CGATGTACACAGGCCT-1",4.57298810521188
"CGATGTACAGGTCTCG-1",0
"CGATGTAGTCCAGTGC-1",0
"CGATGTAGTCTAGGTT-1",1.68989523212849
"CGATGTAGTGTGCCTG-1",0
"CGATGTAGTTTGCATG-1",1.64189179728152
"CGATTGAAGATGTGGC-1",0
"CGATTGACAGACGCAA-1",1.48586893971067
"CGATTGAGTATGGTTC-1",3.0246058625753
"CGATTGAGTTCAGACT-1",1.81118739678147
"CGATTGATCATGGTCA-1",0
"CGATTGATCTGCGGCA-1",1.88645899306714
"CGCCAAGAGAATGTTG-1",0
"CGCCAAGAGACCTTTG-1",5.49854613097341
"CGCCAAGAGATCGGGT-1",0
"CGCCAAGAGATCTGAA-1",4.02965309473629
"CGCCAAGAGCGTGTCC-1",0
"CGCCAAGGTCTAGGTT-1",0
"CGCCAAGTCAGGATCT-1",3.0246058625753
"CGCCAAGTCCACTCCA-1",0
"CGCCAAGTCTTGTTTG-1",1.96237499240504
"CGCGGTAAGCTAGCCC-1",1.83734307652052
"CGCGGTAAGGGTTCCC-1",0
"CGCGGTACAAACTGCT-1",0
"CGCGGTACAATGGAAT-1",3.13425279360337
"CGCGGTACAGCTGTTA-1",0
"CGCGGTAGTCAAGCGA-1",0
"CGCGGTAGTGAGGCTA-1",0
"CGCGGTAGTTTGCATG-1",0
"CGCGTTTAGTTATCGC-1",0
"CGCGTTTCAACAACCT-1",1.88456240551596
"CGCGTTTCAAGCGAGT-1",4.52073490978118
"CGCGTTTCAATGGACG-1",1.87515212172843
"CGCGTTTCACGGTGTC-1",0
"CGCGTTTGTGCTGTAT-1",0
"CGCGTTTGTGGACGAT-1",0
"CGCGTTTTCAAACCGT-1",0
"CGCGTTTTCAGCCTAA-1",0
"CGCGTTTTCCTATGTT-1",1.87281826504998
"CGCGTTTTCGTGGTCG-1",0
"CGCTATCAGAAACCGC-1",0
"CGCTATCAGTCATCCA-1",3.38067140370084
"CGCTATCCAAGCGAGT-1",1.50547893870156
"CGCTATCCAGTCGATT-1",0
"CGCTATCCATCGACGC-1",0
"CGCTATCCATTTCAGG-1",1.50602481706067
"CGCTATCGTACCGAGA-1",4.90953240262438
"CGCTATCGTTCGAATC-1",3.99379252711173
"CGCTATCGTTTCGCTC-1",0
"CGCTATCTCGTTACAG-1",0
"CGCTGGAAGGACATTA-1",0
"CGCTGGAAGGGCACTA-1",0
"CGCTGGAAGGTGATAT-1",1.87515212172843
"CGCTGGACAGACTCGC-1",1.94522474806892
"CGCTGGAGTGTAATGA-1",0
"CGCTGGAGTTCTGGTA-1",1.65477614282002
"CGCTGGATCCGAAGAG-1",2.07308014163831
"CGCTGGATCCGTTGCT-1",0
"CGCTGGATCGTAGGAG-1",0
"CGCTGGATCGTTACAG-1",0
"CGCTTCAAGAAGGGTA-1",0
"CGCTTCAAGGTCGGAT-1",0
"CGCTTCACACGGTGTC-1",0
"CGCTTCACAGACAAGC-1",1.50602481706067
"CGCTTCACATCACCCT-1",0
"CGCTTCAGTCGCGGTT-1",0
"CGCTTCATCTTAGAGC-1",2.57089246295127
"CGGACACAGCGATATA-1",1.77814034080982
"CGGACACAGCGATGAC-1",7.47623045475616
"CGGACACAGCTTCGCG-1",0
"CGGACACAGGTAAACT-1",0
"CGGACACAGTAGCCGA-1",0
"CGGACACCACAGGAGT-1",1.86355644233966
"CGGACACCATTCACTT-1",1.62563259835408
"CGGACACGTGAGCGAT-1",0
"CGGACACGTGCTCTTC-1",0
"CGGACACGTGTGACCC-1",1.82764235530237
"CGGACGTAGGTTACCT-1",0
"CGGACGTCATGGGACA-1",0
"CGGACGTGTGAAAGAG-1",0
"CGGACGTGTTGGTAAA-1",0
"CGGACGTTCATGTGGT-1",1.81118739678147
"CGGACGTTCTGTCCGT-1",0
"CGGACTGAGGAGCGAG-1",3.0246058625753
"CGGACTGAGGAGTCTG-1",4.97433871290916
"CGGACTGAGTGGTAGC-1",0
"CGGACTGCAACTTGAC-1",0
"CGGACTGCAATGACCT-1",0
"CGGACTGCACAACGTT-1",6.49718517957146
"CGGACTGCACGCCAGT-1",0
"CGGACTGCAGTATGCT-1",0
"CGGACTGGTAAAGGAG-1",1.87515212172843
"CGGACTGGTATAAACG-1",0
"CGGACTGGTGTAAGTA-1",0
"CGGACTGGTGTGGTTT-1",0
"CGGACTGGTTGACGTT-1",1.84942857412342
"CGGACTGTCCATGCTC-1",0
"CGGACTGTCCGTCAAA-1",1.6802341060118
"CGGACTGTCGTTTGCC-1",1.78884874323438
"CGGAGCTAGTTTAGGA-1",0
"CGGAGCTGTAGAAAGG-1",4.52073490978118
"CGGAGCTTCACTTATC-1",1.4249289318177
"CGGAGCTTCATGTAGC-1",1.7399468934154
"CGGAGCTTCCACGAAT-1",0
"CGGAGTCAGTGCGATG-1",0
"CGGAGTCAGTGTGAAT-1",3.91981028823499
"CGGAGTCCAGTGGGAT-1",1.5724110491452
"CGGAGTCCATTATCTC-1",0
"CGGAGTCGTAGCTGCC-1",0
"CGGAGTCGTGTTCGAT-1",0
"CGGAGTCTCCCAGGTG-1",1.600853486456
"CGGAGTCTCCGTAGTA-1",1.78059725485862
"CGGCTAGAGAAACGCC-1",0
"CGGCTAGAGCACCGTC-1",0
"CGGCTAGAGCTAAACA-1",0
"CGGCTAGCAGACAAAT-1",2.34891345338384
"CGGCTAGGTAACGCGA-1",0
"CGGCTAGGTTCATGGT-1",0
"CGGCTAGTCAAAGACA-1",0
"CGGCTAGTCGTGGGAA-1",0
"CGGCTAGTCTTGTTTG-1",1.600853486456
"CGGGTCAAGAGTCGGT-1",0
"CGGGTCAAGCACACAG-1",0
"CGGGTCAAGCTAACTC-1",0
"CGGGTCAAGGACACCA-1",1.94728283286729
"CGGGTCAAGTATGACA-1",1.74383018970019
"CGGGTCACAATGACCT-1",1.51704163256299
"CGGGTCACACCGAAAG-1",1.62563259835408
"CGGGTCACAGCCACCA-1",1.91009641529294
"CGGGTCACATACAGCT-1",0
"CGGGTCACATCCTTGC-1",0
"CGGGTCAGTAGCGCTC-1",1.58339518249613
"CGGGTCAGTCGATTGT-1",0
"CGGGTCAGTGCAACTT-1",0
"CGGGTCAGTTGTTTGG-1",7.47623045475616
"CGGGTCATCAACACCA-1",0
"CGGGTCATCACCTTAT-1",1.70889228297558
"CGGGTCATCCACGACG-1",0
"CGGTTAACAGGACCCT-1",0
"CGGTTAACATGTCCTC-1",1.76197472089661
"CGGTTAACATTCCTGC-1",0
"CGGTTAAGTCGACTGC-1",3.45490475373592
"CGGTTAATCCGGCACA-1",3.19619837209934
"CGGTTAATCCTTTCGG-1",0
"CGGTTAATCTTATCTG-1",0
"CGTAGCGAGATGTAAC-1",2.47227658554976
"CGTAGCGAGGCAATTA-1",0
"CGTAGCGCAAGCGCTC-1",1.87281826504998
"CGTAGCGTCCAACCAA-1",0
"CGTAGCGTCGGCGGTT-1",1.70815189712004
"CGTAGGCAGGGCTCTC-1",1.84942857412342
"CGTAGGCCAAGCGATG-1",1.58339518249613
"CGTAGGCCACTAAGTC-1",1.78553667378979
"CGTAGGCCAGAGTGTG-1",0
"CGTAGGCCATCCCATC-1",0
"CGTAGGCGTATTAGCC-1",1.74383018970019
"CGTAGGCGTCAATACC-1",0
"CGTAGGCGTGGCGAAT-1",3.46204455177214
"CGTAGGCTCCAGAAGG-1",1.84045709961207
"CGTCACTAGTCATGCT-1",1.69025567164657
"CGTCACTCAAAGCGGT-1",1.81419047444502
"CGTCACTCAGGTCCAC-1",0
"CGTCACTCAGTCACTA-1",0
"CGTCACTTCCTTGACC-1",0
"CGTCACTTCGGTGTTA-1",1.96237499240504
"CGTCACTTCTGTGCAA-1",2.47227658554976
"CGTCACTTCTTGAGAC-1",3.29402581673282
"CGTCAGGAGCTGTTCA-1",0
"CGTCAGGCAAAGCAAT-1",1.6802341060118
"CGTCAGGCAAAGCGGT-1",0
"CGTCAGGCAACACGCC-1",0
"CGTCAGGCATCCGCGA-1",0
"CGTCAGGGTCAGCTAT-1",0
"CGTCAGGGTCGTTGTA-1",0
"CGTCAGGGTGTAAGTA-1",1.78059725485862
"CGTCAGGTCCACTGGG-1",0
"CGTCAGGTCGACAGCC-1",0
"CGTCAGGTCGGGAGTA-1",1.58339518249613
"CGTCCATAGACCACGA-1",0
"CGTCCATAGCGATTCT-1",0
"CGTCCATAGGCTATCT-1",1.53793562934172
"CGTCCATAGTCTCAAC-1",0
"CGTCCATCACGACTCG-1",0
"CGTCCATCATTCACTT-1",1.600853486456
"CGTCCATGTCTAGCGC-1",1.39818618843915
"CGTCCATGTGATAAAC-1",1.40371918852262
"CGTCCATGTTTGGGCC-1",0
"CGTCCATGTTTGTGTG-1",0
"CGTCCATTCAACACCA-1",3.48469361582847
"CGTCCATTCATTCACT-1",5.15881174451066
"CGTCTACAGTGCGTGA-1",0
"CGTCTACGTAGTAGTA-1",0
"CGTCTACTCGAGCCCA-1",0
"CGTCTACTCGCCATAA-1",0
"CGTCTACTCGGCCGAT-1",2.70339018313403
"CGTCTACTCGTCCAGG-1",1.5724110491452
"CGTGAGCAGATCTGAA-1",0
"CGTGAGCAGCAATCTC-1",1.89601581014423
"CGTGAGCAGCGGATCA-1",1.77528463202455
"CGTGAGCAGCTAGTGG-1",0
"CGTGAGCAGCTTCGCG-1",3.34167493200978
"CGTGAGCAGGGCACTA-1",0
"CGTGAGCAGGGTGTGT-1",0
"CGTGAGCAGTGGAGAA-1",0
"CGTGAGCCAAGCCGCT-1",0
"CGTGAGCCACGTAAGG-1",1.6802341060118
"CGTGAGCCATACGCCG-1",0
"CGTGAGCGTAGATTAG-1",4.30940131255208
"CGTGAGCGTCTCTTAT-1",1.65477614282002
"CGTGAGCTCACAAACC-1",0
"CGTGAGCTCCAAATGC-1",1.78059725485862
"CGTGAGCTCCGAGCCA-1",1.40395083198397
"CGTGAGCTCGTTGCCT-1",0
"CGTGAGCTCTGGGCCA-1",0
"CGTGTAAAGATAGTCA-1",2.34891345338384
"CGTGTAAAGGTGTTAA-1",1.77814034080982
"CGTGTAAAGTACATGA-1",1.96659215144957
"CGTGTAACATGGGACA-1",0
"CGTGTAAGTGTCTGAT-1",0
"CGTGTAATCTACTATC-1",0
"CGTGTAATCTCGATGA-1",1.53564386274411
"CGTGTAATCTTTAGTC-1",0
"CGTGTCTAGGCGCTCT-1",1.39818618843915
"CGTGTCTAGGGATGGG-1",2.12109947721045
"CGTGTCTCAGACAAAT-1",0
"CGTGTCTCAGACACTT-1",0
"CGTGTCTGTAAGAGGA-1",0
"CGTGTCTGTATATGAG-1",0
"CGTGTCTGTCAAAGCG-1",1.78182890102545
"CGTGTCTGTTCCGTCT-1",1.81118739678147
"CGTGTCTTCAATCACG-1",0
"CGTGTCTTCAGAGGTG-1",1.72576302731971
"CGTGTCTTCATAGCAC-1",0
"CGTGTCTTCCGAACGC-1",1.88645899306714
"CGTGTCTTCGGCATCG-1",6.58440030306419
"CGTGTCTTCGTGGACC-1",1.60211828392297
"CGTGTCTTCTACTTAC-1",1.89601581014423
"CGTGTCTTCTGAGTGT-1",0
"CGTTAGAAGATCTGAA-1",0
"CGTTAGAAGGCCCTTG-1",0
"CGTTAGACACGAAAGC-1",0
"CGTTAGACAGCTTCGG-1",0
"CGTTAGAGTTTAAGCC-1",0
"CGTTAGATCACTTATC-1",0
"CGTTAGATCAGCCTAA-1",2.44825363108757
"CGTTCTGAGAAGGGTA-1",1.78182890102545
"CGTTCTGAGTGAACAT-1",0
"CGTTCTGCAGCTCGCA-1",2.70362182659538
"CGTTCTGCATTGGCGC-1",3.70589039186157
"CGTTCTGGTGAGGGTT-1",6.7437255118731
"CGTTCTGTCTGATTCT-1",3.48469361582847
"CGTTGGGAGCTAGTTC-1",3.0246058625753
"CGTTGGGAGGATGCGT-1",0
"CGTTGGGCACATTAGC-1",1.96237499240504
"CGTTGGGCAGACAGGT-1",0
"CGTTGGGGTTCCCGAG-1",1.89169991741654
"CGTTGGGTCATGCTCC-1",0
"CGTTGGGTCCATGAAC-1",4.52073490978118
"CGTTGGGTCTACCAGA-1",0
"CTAACTTAGTCCTCCT-1",0
"CTAACTTCAATAGCAA-1",0
"CTAACTTCAATCGGTT-1",10.0928626732384
"CTAACTTGTGAGGCTA-1",7.9593251913372
"CTAACTTTCGTACGGC-1",1.89601581014423
"CTAACTTTCTGGCGTG-1",3.48469361582847
"CTAAGACAGGGAAACA-1",3.60253032082918
"CTAAGACAGTACATGA-1",1.4249289318177
"CTAAGACAGTTCGCGC-1",12.0976710115735
"CTAAGACCAAGTAATG-1",1.96659215144957
"CTAAGACCAGTAAGAT-1",0
"CTAAGACCATGCAATC-1",4.30940131255208
"CTAAGACGTAAGGATT-1",1.93047041241648
"CTAAGACGTATCAGTC-1",1.7000594688291
"CTAAGACGTCACCTAA-1",0
"CTAAGACTCGTTGCCT-1",0
"CTAAGACTCTTACCGC-1",0
"CTAAGACTCTTGAGGT-1",0
"CTAATGGAGCAATCTC-1",0
"CTAATGGAGCGCTCCA-1",0
"CTAATGGAGCTCCCAG-1",0
"CTAATGGAGCTGAAAT-1",1.78207829578733
"CTAATGGAGTTAGGTA-1",0
"CTAATGGCATGGAATA-1",0
"CTAATGGGTACCGCTG-1",4.51553638081919
"CTAATGGGTCTAGCGC-1",0
"CTAATGGGTGAGGGAG-1",1.88645899306714
"CTAATGGGTTGGTGGA-1",0
"CTAATGGTCATGCTCC-1",0
"CTAATGGTCCACTGGG-1",0
"CTAATGGTCCGTTGCT-1",1.87702456431488
"CTAATGGTCCTAGAAC-1",1.77528463202455
"CTACACCAGTGCGATG-1",3.22193602574695
"CTACACCCACGGACAA-1",0
"CTACACCGTAATAGCA-1",0
"CTACACCGTCTGATTG-1",1.78182890102545
"CTACACCGTTCGTCTC-1",6.7437255118731
"CTACACCTCAGAAATG-1",3.65820333944386
"CTACACCTCGGCTTGG-1",0
"CTACACCTCGGTCCGA-1",0
"CTACACCTCTCGCATC-1",0
"CTACACCTCTCTGCTG-1",0
"CTACATTAGATCACGG-1",1.76197472089661
"CTACATTCACTCGACG-1",0
"CTACATTCATTTCACT-1",0
"CTACATTGTGATGATA-1",0
"CTACATTGTTCGAATC-1",0
"CTACATTTCAACGCTA-1",0
"CTACATTTCGCCATAA-1",0
"CTACATTTCTAGCACA-1",0
"CTACCCACACAGAGGT-1",3.91981028823499
"CTACCCACACGACGAA-1",1.600853486456
"CTACCCACATGGTTGT-1",1.68989523212849
"CTACCCAGTATCTGCA-1",4.02965309473629
"CTACCCAGTATGAATG-1",1.82764235530237
"CTACCCAGTCAGAAGC-1",0
"CTACCCAGTGTGACCC-1",3.04669687543042
"CTACCCAGTTATGTGC-1",0
"CTACCCATCTACGAGT-1",1.68989523212849
"CTACGTCAGGTGCAAC-1",2.72092133879211
"CTACGTCAGTGCGATG-1",0
"CTACGTCAGTTGTCGT-1",0
"CTACGTCCATATACCG-1",2.44825363108757
"CTACGTCGTATATGGA-1",0
"CTACGTCGTGTGGTTT-1",1.88645899306714
"CTACGTCTCAAAGTAG-1",0
"CTACGTCTCACGACTA-1",0
"CTACGTCTCACGGTTA-1",3.7258511661313
"CTACGTCTCCTAGAAC-1",0
"CTAGAGTAGCTGTCTA-1",2.47227658554976
"CTAGAGTAGGATCGCA-1",3.63832847716227
"CTAGAGTAGTCCATAC-1",3.430592942575
"CTAGAGTCACATTAGC-1",1.4249289318177
"CTAGAGTCAGTATGCT-1",0
"CTAGAGTCATACTCTT-1",2.47227658554976
"CTAGAGTCATGTAAGA-1",4.02965309473629
"CTAGAGTGTGACCAAG-1",1.70815189712004
"CTAGAGTTCAACACCA-1",0
"CTAGAGTTCCGTCAAA-1",0
"CTAGAGTTCCTAAGTG-1",3.13425279360337
"CTAGAGTTCGCCAGCA-1",0
"CTAGAGTTCGCTTAGA-1",2.47227658554976
"CTAGAGTTCGTGACAT-1",0
"CTAGAGTTCTGATTCT-1",1.53564386274411
"CTAGCCTCACCAGATT-1",3.60253032082918
"CTAGCCTGTATATCCG-1",0
"CTAGCCTGTGATGCCC-1",0
"CTAGCCTTCGGGAGTA-1",0
"CTAGTGAAGCTGGAAC-1",0
"CTAGTGAAGTGTACCT-1",1.82764235530237
"CTAGTGACAAGTCTAC-1",0
"CTAGTGACAGGATCGA-1",0
"CTAGTGAGTTATGCGT-1",1.81419047444502
"CTAGTGATCAGTTGAC-1",1.88456240551596
"CTAGTGATCCAGTAGT-1",0
"CTCACACAGCTAAGAT-1",1.8964969142605
"CTCACACAGCTGCCCA-1",0
"CTCACACAGGATGCGT-1",1.80098540064175
"CTCACACCACGTAAGG-1",0
"CTCACACCACTGTTAG-1",5.04543973426827
"CTCACACCATATACGC-1",0
"CTCACACGTGCTGTAT-1",0
"CTCACACGTTCCATGA-1",0
"CTCACACGTTTGGGCC-1",0
"CTCACACTCACCGGGT-1",4.02965309473629
"CTCACACTCATCGGAT-1",2.59949510326887
"CTCACACTCCGCGCAA-1",1.83734307652052
"CTCACACTCTAACCGA-1",0
"CTCAGAAAGAGCTGCA-1",0
"CTCAGAAAGGAGTAGA-1",1.51704163256299
"CTCAGAACAACGCACC-1",0
"CTCAGAACAAGCGATG-1",1.88645899306714
"CTCAGAACAGGGCATA-1",0
"CTCAGAAGTGACGGTA-1",0
"CTCAGAATCTTAACCT-1",1.70482991525529
"CTCATTAAGAACTGTA-1",1.78553667378979
"CTCATTACATGGTCAT-1",0
"CTCATTAGTGTAACGG-1",1.48586893971067
"CTCATTAGTTTACTCT-1",1.77528463202455
"CTCCTAGCAAGTACCT-1",0
"CTCCTAGCAATTCCTT-1",0
"CTCCTAGCACTGTCGG-1",0
"CTCCTAGCAGTCCTTC-1",1.4249289318177
"CTCCTAGCATAACCTG-1",0
"CTCCTAGCATGCGCAC-1",0
"CTCCTAGGTAGAAAGG-1",0
"CTCCTAGGTCCGAGTC-1",0
"CTCCTAGGTCTAGCCG-1",1.62563259835408
"CTCCTAGGTGTTTGTG-1",3.45490475373592
"CTCCTAGGTTCGTGAT-1",1.87281826504998
"CTCCTAGGTTGTTTGG-1",1.82764235530237
"CTCCTAGTCACTTACT-1",3.80609019734802
"CTCCTAGTCTCATTCA-1",0
"CTCGAAAAGCCCAACC-1",0
"CTCGAAAAGCTATGCT-1",0
"CTCGAAAAGGCCCTTG-1",0
"CTCGAAAAGGGCTTCC-1",5.04543973426827
"CTCGAAACAAGCCGTC-1",1.76197472089661
"CTCGAAACACATTAGC-1",0
"CTCGAAACACCGAAAG-1",0
"CTCGAAACACGGCTAC-1",0
"CTCGAAACAGTAAGAT-1",1.74383018970019
"CTCGAGGAGCCATCGC-1",1.78182890102545
"CTCGAGGAGGGCTTCC-1",0
"CTCGAGGCAGATAATG-1",0
"CTCGAGGGTATTCTCT-1",0
"CTCGAGGGTGCCTGGT-1",0
"CTCGGAGAGTCCCACG-1",1.72576302731971
"CTCGGAGCACTTCTGC-1",0
"CTCGGAGCAGCTGCAC-1",0
"CTCGGAGCAGGATCGA-1",0
"CTCGGAGGTAGCCTAT-1",0
"CTCGGAGGTCATGCCG-1",0
"CTCGGAGTCAAACGGG-1",1.76197472089661
"CTCGGAGTCACATACG-1",0
"CTCGGAGTCAGCTTAG-1",0
"CTCGGGAAGACCTAGG-1",0
"CTCGGGACACAGCCCA-1",0
"CTCGGGACATAAAGGT-1",0
"CTCGGGACATCCCACT-1",0
"CTCGGGACATGTCGAT-1",0
"CTCGGGAGTCGCGTGT-1",3.29402581673282
"CTCGGGAGTGACTACT-1",0
"CTCGGGAGTTACGACT-1",0
"CTCGGGATCCGTACAA-1",3.59523892638684
"CTCGGGATCCTTGACC-1",3.34167493200978
"CTCGGGATCTTGTTTG-1",3.46204455177214
"CTCGTACAGCGATAGC-1",3.48469361582847
"CTCGTACCAGCGTAAG-1",0
"CTCGTACCATAGTAAG-1",1.94728283286729
"CTCGTACGTAGAGTGC-1",0
"CTCGTACGTATCACCA-1",0
"CTCGTACGTGCAGTAG-1",0
"CTCGTACTCAAAGTAG-1",0
"CTCGTACTCAATCTCT-1",0
"CTCGTACTCGTTGCCT-1",1.80098540064175
"CTCGTACTCTGGTTCC-1",0
"CTCGTCAAGATGCCTT-1",4.90953240262438
"CTCGTCAAGTGGAGTC-1",0
"CTCGTCAAGTTTGCGT-1",1.94728283286729
"CTCGTCACAACGATCT-1",1.62563259835408
"CTCGTCACACATCCGG-1",0
"CTCGTCACAGTCGTGC-1",0
"CTCGTCAGTCTCATCC-1",0
"CTCGTCAGTCTCCATC-1",0
"CTCGTCAGTGAGCGAT-1",0
"CTCGTCAGTTGACGTT-1",1.6802341060118
"CTCGTCAGTTGGGACA-1",1.78182890102545
"CTCGTCATCACTTATC-1",0
"CTCGTCATCGACCAGC-1",1.77528463202455
"CTCGTCATCTGCTGTC-1",0
"CTCTAATCACCAGGTC-1",3.13425279360337
"CTCTAATCACGGTGTC-1",0
"CTCTAATCAGGAATCG-1",0
"CTCTAATGTCCAAGTT-1",0
"CTCTACGAGCTAAACA-1",3.0246058625753
"CTCTACGAGCTAGTGG-1",1.51704163256299
"CTCTACGAGTACGCCC-1",0
"CTCTACGAGTAGGCCA-1",0
"CTCTACGCAATAACGA-1",0
"CTCTACGCAGACGCTC-1",0
"CTCTACGCATGACATC-1",1.7399468934154
"CTCTACGTCATGTCTT-1",0
"CTCTACGTCCCTAATT-1",0
"CTCTACGTCGGCATCG-1",1.4249289318177
"CTCTACGTCGGTCTAA-1",3.06471394235882
"CTCTGGTAGCGTTCCG-1",0
"CTCTGGTAGGCATGGT-1",0
"CTCTGGTAGTGCCAGA-1",0
"CTCTGGTCACAAGCCC-1",3.99379252711173
"CTCTGGTCAGCCTTTC-1",2.94734782348546
"CTCTGGTTCATCTGTT-1",0
"CTCTGGTTCTTGTACT-1",0
"CTGAAACAGATCCCGC-1",1.65477614282002
"CTGAAACAGGTGCTAG-1",0
"CTGAAACAGTCCGTAT-1",0
"CTGAAACAGTGTCTCA-1",0
"CTGAAACGTCATCGGC-1",4.16945996151198
"CTGAAACGTTAAAGAC-1",0
"CTGAAACTCATACGGT-1",0
"CTGAAGTAGTGCGTGA-1",3.7258511661313
"CTGAAGTCAGCTGTAT-1",0
"CTGAAGTGTTAAAGTG-1",0
"CTGAAGTTCAAGCCTA-1",0
"CTGAAGTTCGGATGTT-1",0
"CTGATAGAGGGAGTAA-1",4.42019408456777
"CTGATAGAGTGCAAGC-1",0
"CTGATAGCAGCCTTTC-1",1.600853486456
"CTGATAGCATCCCATC-1",1.94728283286729
"CTGATAGCATCTCCCA-1",0
"CTGATAGGTCAAAGCG-1",2.12109947721045
"CTGATAGGTCGCTTTC-1",5.04543973426827
"CTGATAGGTTACGACT-1",0
"CTGATAGTCGCGATCG-1",0
"CTGATCCAGGCATTGG-1",0
"CTGATCCAGGTGACCA-1",0
"CTGATCCCACAGAGGT-1",3.99379252711173
"CTGATCCCAGGCTGAA-1",1.8964969142605
"CTGATCCGTGCCTGGT-1",0
"CTGATCCGTTATCCGA-1",1.93047041241648
"CTGATCCGTTGTGGCC-1",7.24022013409698
"CTGCCTAAGGGTCTCC-1",0
"CTGCCTAAGGTGATAT-1",1.52655736826815
"CTGCCTAAGTACGCGA-1",0
"CTGCCTAAGTGCGTGA-1",1.53564386274411
"CTGCCTACATCCCACT-1",1.50547893870156
"CTGCCTATCAATAAGG-1",2.12109947721045
"CTGCGGAAGAAGGACA-1",1.50602481706067
"CTGCGGAAGAGCTGGT-1",3.7258511661313
"CTGCGGAAGATGAGAG-1",0
"CTGCGGACAGGTCGTC-1",1.60211828392297
"CTGCGGACATGTCTCC-1",0
"CTGCGGAGTCACTTCC-1",0
"CTGCGGAGTCGTGGCT-1",3.22718719196522
"CTGCGGAGTTCTGTTT-1",0
"CTGCGGAGTTGGACCC-1",0
"CTGCGGATCGCCTGTT-1",6.27206007882455
"CTGCGGATCTTACCGC-1",7.99157799724998
"CTGCTGTAGGGTGTTG-1",3.3574391410705
"CTGCTGTAGTACCGGA-1",3.18424866895212
"CTGCTGTAGTGGAGAA-1",1.68989523212849
"CTGCTGTCACATCTTT-1",0
"CTGCTGTGTTAAAGAC-1",0
"CTGCTGTTCTCCAACC-1",0
"CTGCTGTTCTTACCGC-1",0
"CTGGTCTAGCGTTGCC-1",0
"CTGGTCTAGGACAGCT-1",2.44825363108757
"CTGGTCTAGGGCTTGA-1",1.50547893870156
"CTGGTCTAGTCGAGTG-1",3.59523892638684
"CTGGTCTCAAAGGAAG-1",0
"CTGGTCTCACCAGTTA-1",1.6848688061171
"CTGGTCTGTACCTACA-1",7.47623045475616
"CTGGTCTGTACGCTGC-1",1.40395083198397
"CTGGTCTGTCCGCTGA-1",1.68989523212849
"CTGGTCTGTCCGTTAA-1",0
"CTGGTCTGTTCATGGT-1",0
"CTGGTCTGTTCGTGAT-1",1.70482991525529
"CTGGTCTTCAACGGGA-1",0
"CTGGTCTTCACTTACT-1",4.04320441828108
"CTGGTCTTCTTACCTA-1",0
"CTGTGCTGTATATCCG-1",0
"CTGTGCTGTCATCCCT-1",0
"CTGTGCTGTCCCTACT-1",0
"CTGTGCTGTCGGCACT-1",0
"CTGTGCTTCCATTCTA-1",0
"CTGTTTAAGAAACCGC-1",1.69025567164657
"CTGTTTAAGATCGATA-1",0
"CTGTTTAAGGAGTTGC-1",3.68735873419194
"CTGTTTAGTCAAAGCG-1",0
"CTGTTTATCAGCCTAA-1",0
"CTGTTTATCATTTGGG-1",0
"CTGTTTATCTCCAGGG-1",0
"CTGTTTATCTCTTGAT-1",0
"CTGTTTATCTTCTGGC-1",3.13425279360337
"CTTAACTAGCCAGTAG-1",1.51704163256299
"CTTAACTAGGCTCTTA-1",0
"CTTAACTAGGTGCACA-1",3.13425279360337
"CTTAACTAGTCTCGGC-1",0
"CTTACCGAGCGCTTAT-1",0
"CTTACCGAGGCTACGA-1",10.0928626732384
"CTTACCGCAGATCTGT-1",12.0976710115735
"CTTACCGCAGTCAGAG-1",1.50547893870156
"CTTACCGGTCCTGCTT-1",1.62563259835408
"CTTACCGGTCGCCATG-1",1.70815189712004
"CTTACCGGTCTACCTC-1",2.05625384589532
"CTTACCGTCGGACAAG-1",0
"CTTAGGAAGCCCAACC-1",0
"CTTAGGACACGACGAA-1",0
"CTTAGGAGTTATGTGC-1",1.84045709961207
"CTTAGGATCCCATTTA-1",0
"CTTAGGATCTTTACAC-1",0
"CTTCTCTAGAACTCGG-1",0
"CTTCTCTAGAGTGAGA-1",3.60253032082918
"CTTCTCTAGCAGGCTA-1",0
"CTTCTCTAGTTAACGA-1",0
"CTTCTCTCAAAGGTGC-1",4.90953240262438
"CTTCTCTGTAACGACG-1",0
"CTTCTCTGTGCATCTA-1",0
"CTTCTCTTCGAGCCCA-1",0
"CTTGGCTAGCGATATA-1",1.86355644233966
"CTTGGCTAGTACGTTC-1",2.72092133879211
"CTTGGCTCATTACCTT-1",0
"CTTGGCTGTCTCCATC-1",1.93047041241648
"CTTGGCTTCCCTAATT-1",1.53793562934172
"CTTGGCTTCGCGTAGC-1",0
"CTTGGCTTCTCGTTTA-1",1.40395083198397
"CTTTGCGAGCAAATCA-1",1.6802341060118
"CTTTGCGAGCGTTCCG-1",0
"CTTTGCGAGTATCTCG-1",1.5724110491452
"CTTTGCGCAATTCCTT-1",3.99379252711173
"CTTTGCGCACTTAAGC-1",2.44825363108757
"CTTTGCGCAGACGCAA-1",0
"CTTTGCGGTAGAGGAA-1",0
"CTTTGCGTCCAGGGCT-1",1.62563259835408
"GAAACTCAGAGACGAA-1",5.49854613097341
"GAAACTCAGAGGTTAT-1",1.6848688061171
"GAAACTCAGCAGCCTC-1",0
"GAAACTCAGCCCAGCT-1",1.53564386274411
"GAAACTCAGCTAAACA-1",0
"GAAACTCAGTGCTGCC-1",0
"GAAACTCCAAGCCCAC-1",0
"GAAACTCCACATGACT-1",1.7399468934154
"GAAACTCCAGACACTT-1",4.57298810521188
"GAAACTCCATGGATGG-1",1.87515212172843
"GAAACTCGTACTCGCG-1",1.88645899306714
"GAAACTCGTAGCGATG-1",0
"GAAACTCGTGTGAAAT-1",1.78059725485862
"GAAACTCGTTTGTGTG-1",1.95089811949327
"GAAATGAAGCCAGTTT-1",1.72576302731971
"GAAATGAAGCTAGTCT-1",0
"GAAATGAAGTACGTAA-1",0
"GAAATGATCATGCTCC-1",0
"GAAATGATCCTCGCAT-1",4.16945996151198
"GAACATCAGATGGCGT-1",0
"GAACATCCAACAACCT-1",0
"GAACATCCACATCTTT-1",1.70815189712004
"GAACATCCACCTATCC-1",1.74383018970019
"GAACATCCACGGACAA-1",0
"GAACATCCATGCTAGT-1",0
"GAACATCGTACGACCC-1",0
"GAACATCGTGGACGAT-1",2.65390253609724
"GAACATCGTTCCCGAG-1",0
"GAACATCTCCAAGTAC-1",1.81118739678147
"GAACATCTCGATCCCT-1",1.56668709405614
"GAACATCTCTCCAACC-1",1.4249289318177
"GAACCTAAGAACTGTA-1",0
"GAACCTAAGAGCAATT-1",0
"GAACCTAAGCCAGTAG-1",1.78884874323438
"GAACCTACAAGGACAC-1",1.87281826504998
"GAACCTACAGACACTT-1",0
"GAACCTAGTACCAGTT-1",0
"GAACCTAGTGTCAATC-1",3.27408134968318
"GAACCTATCACGATGT-1",1.94728283286729
"GAACGGAAGACGCAAC-1",1.74383018970019
"GAACGGAAGTAATCCC-1",3.34167493200978
"GAACGGAAGTCAATAG-1",0
"GAACGGAAGTGGACGT-1",0
"GAACGGACACAGCGTC-1",0
"GAACGGACACCTCGTT-1",3.13425279360337
"GAACGGACACTTAACG-1",0
"GAACGGAGTAGCGTAG-1",1.56668709405614
"GAACGGAGTCAGAGGT-1",0
"GAACGGAGTGGCGAAT-1",4.21194847739886
"GAACGGATCACTCCTG-1",3.39332365160466
"GAACGGATCCACGAAT-1",1.78884874323438
"GAACGGATCGTAGGAG-1",0
"GAACGGATCTGTCAAG-1",0
"GAAGCAGAGACTAAGT-1",0
"GAAGCAGAGAGACGAA-1",1.51704163256299
"GAAGCAGAGCCACGCT-1",0
"GAAGCAGAGTTCGCGC-1",1.58339518249613
"GAAGCAGCAATCCGAT-1",0
"GAAGCAGCAGATCTGT-1",3.05501926860721
"GAAGCAGCAGATGAGC-1",0
"GAAGCAGCATGAACCT-1",0
"GAAGCAGCATGGAATA-1",0
"GAAGCAGGTAACGCGA-1",0
"GAAGCAGGTCATACTG-1",0
"GAAGCAGTCCTAGTGA-1",0
"GAAGCAGTCTTATCTG-1",0
"GAATAAGCAAGGTGTG-1",0
"GAATAAGCAGACAAGC-1",3.34167493200978
"GAATAAGCATGCAACT-1",4.02965309473629
"GAATAAGGTCCGTTAA-1",4.16945996151198
"GAATAAGGTGAGTGAC-1",0
"GAATAAGGTTCCCTTG-1",0
"GAATAAGTCGTTTAGG-1",1.82764235530237
"GAATGAAAGAGTCTGG-1",4.16945996151198
"GAATGAAAGCTTATCG-1",7.9593251913372
"GAATGAAAGGCATGTG-1",0
"GAATGAACAAACGCGA-1",1.74383018970019
"GAATGAACAGTGAGTG-1",0
"GAATGAACATCATCCC-1",0
"GAATGAAGTCAACATC-1",0
"GAATGAAGTCTCACCT-1",0
"GAATGAAGTGGCAAAC-1",6.39985749403848
"GAATGAAGTTGCGTTA-1",7.62361723370944
"GAATGAATCAGTTAGC-1",3.65820333944386
"GAATGAATCCTGCCAT-1",0
"GACACGCAGACGCACA-1",0
"GACACGCAGAGTAATC-1",1.87561978493154
"GACACGCAGCCAACAG-1",1.82764235530237
"GACACGCAGGAGTTTA-1",0
"GACACGCAGGGCATGT-1",1.86355644233966
"GACACGCAGGTGCACA-1",1.48586893971067
"GACACGCAGTCCAGGA-1",2.81400472679242
"GACACGCAGTGGGATC-1",1.50547893870156
"GACACGCAGTGGGTTG-1",3.65820333944386
"GACACGCCAAGCGTAG-1",0
"GACACGCCAAGGACAC-1",0
"GACACGCCAGACGCTC-1",0
"GACACGCCATCCTTGC-1",1.40395083198397
"GACACGCGTTCACGGC-1",1.6802341060118
"GACACGCTCATGTAGC-1",1.50602481706067
"GACAGAGAGTACGATA-1",0
"GACAGAGCAACGATCT-1",2.79002107527474
"GACAGAGCAAGTCTAC-1",4.30940131255208
"GACAGAGCAGCTCCGA-1",2.44825363108757
"GACAGAGCAGCTGGCT-1",0
"GACAGAGTCAAACAAG-1",4.90953240262438
"GACAGAGTCAGAGACG-1",0
"GACAGAGTCCTTCAAT-1",3.0246058625753
"GACAGAGTCCTTGCCA-1",1.7000594688291
"GACAGAGTCTTCATGT-1",0
"GACCAATAGAAGGGTA-1",0
"GACCAATAGCTACCGC-1",1.89601581014423
"GACCAATAGCTACCTA-1",2.03168215820064
"GACCAATCAGGTGCCT-1",0
"GACCAATCATGCGCAC-1",1.71821436207196
"GACCAATGTACAGTTC-1",0
"GACCAATGTCGCTTCT-1",0
"GACCAATTCCGATATG-1",1.64189179728152
"GACCAATTCGAATGGG-1",0
"GACCAATTCGTCACGG-1",0
"GACCTGGCATCACAAC-1",0
"GACCTGGCATGTCTCC-1",2.34891345338384
"GACCTGGCATTGGCGC-1",0
"GACCTGGGTAAAGGAG-1",0
"GACCTGGGTCCAGTTA-1",1.4249289318177
"GACCTGGGTGCAGTAG-1",0
"GACCTGGTCATAGCAC-1",2.05625384589532
"GACCTGGTCCTTGCCA-1",0
"GACCTGGTCGCATGAT-1",5.49854613097341
"GACCTGGTCGTCACGG-1",0
"GACGCGTAGTGGTAAT-1",0
"GACGCGTAGTTGTAGA-1",0
"GACGCGTGTAAAGGAG-1",4.52073490978118
"GACGCGTGTGTGAAAT-1",6.49718517957146
"GACGCGTGTTAAGACA-1",0
"GACGCGTTCAAACCGT-1",0
"GACGCGTTCCAAATGC-1",1.50547893870156
"GACGCGTTCCGCGGTA-1",0
"GACGCGTTCCTACAGA-1",6.27206007882455
"GACGCGTTCTCCGGTT-1",0
"GACGGCTAGAAGATTC-1",0
"GACGGCTAGAGCTGGT-1",0
"GACGGCTCAAGGTTTC-1",1.84582669049833
"GACGGCTCACCGCTAG-1",0
"GACGGCTCATGAACCT-1",1.81419047444502
"GACGGCTCATGCAACT-1",0
"GACGGCTGTGTGTGCC-1",1.94728283286729
"GACGGCTGTTATGTGC-1",0
"GACGGCTGTTTGGCGC-1",0
"GACGGCTTCTATCGCC-1",0
"GACGTGCAGGCAAAGA-1",1.84045709961207
"GACGTGCAGGGTGTGT-1",1.4249289318177
"GACGTGCAGGTGTTAA-1",0
"GACGTGCCAGGTCGTC-1",1.81118739678147
"GACGTGCGTAACGTTC-1",0
"GACGTGCTCACCTCGT-1",0
"GACGTTAAGCTACCGC-1",0
"GACGTTAAGGCAAAGA-1",3.99240174800574
"GACGTTAAGTCAAGCG-1",0
"GACGTTACAAGCCATT-1",1.84045709961207
"GACGTTACAAGGTTTC-1",1.76197472089661
"GACGTTACAGACACTT-1",0
"GACGTTAGTATCTGCA-1",0
"GACGTTAGTTTGACAC-1",0
"GACGTTAGTTTGACTG-1",1.58339518249613
"GACGTTATCACAGGCC-1",3.430592942575
"GACGTTATCATTGCGA-1",1.94728283286729
"GACGTTATCCCGGATG-1",0
"GACGTTATCCGAAGAG-1",0
"GACGTTATCGCGTTTC-1",0
"GACGTTATCTGTCCGT-1",1.64189179728152
"GACTAACAGACAGAGA-1",3.99240174800574
"GACTAACAGTGGAGAA-1",0
"GACTAACCAAATCCGT-1",0
"GACTAACGTCTAGTCA-1",2.47227658554976
"GACTAACGTGCAACTT-1",0
"GACTAACGTTCAGACT-1",2.12109947721045
"GACTAACTCCTTTCTC-1",1.72576302731971
"GACTAACTCTTGCCGT-1",0
"GACTAACTCTTTACAC-1",0
"GACTACAAGATATGGT-1",0
"GACTACACAAATCCGT-1",0
"GACTACAGTGCTGTAT-1",0
"GACTACATCAGCCTAA-1",0
"GACTACATCAGGTAAA-1",0
"GACTACATCTGCAGTA-1",0
"GACTGCGAGCGTAGTG-1",0
"GACTGCGAGTTGTAGA-1",1.8964969142605
"GACTGCGCACTTAACG-1",1.53793562934172
"GACTGCGCATGTTCCC-1",0
"GACTGCGGTACGCACC-1",0
"GACTGCGGTTCTCATT-1",1.87702456431488
"GACTGCGTCAACACAC-1",0
"GACTGCGTCACGACTA-1",0
"GACTGCGTCGCCCTTA-1",1.89169991741654
"GACTGCGTCTCAAACG-1",2.07308014163831
"GAGCAGAGTAGGGTAC-1",0
"GAGCAGAGTCAGATAA-1",1.77528463202455
"GAGCAGAGTCATATGC-1",0
"GAGCAGAGTGAGCGAT-1",0
"GAGCAGAGTGTAACGG-1",1.78884874323438
"GAGCAGAGTGTGACCC-1",1.70482991525529
"GAGCAGAGTTCGGGCT-1",0
"GAGCAGAGTTTAAGCC-1",4.30940131255208
"GAGCAGAGTTTGCATG-1",1.40395083198397
"GAGGTGAAGCAACGGT-1",1.7000594688291
"GAGGTGAAGGCTCTTA-1",1.84045709961207
"GAGGTGAAGTGGTAGC-1",0
"GAGGTGAAGTTGTAGA-1",0
"GAGGTGACACTGTCGG-1",1.6802341060118
"GAGGTGACATCCTTGC-1",1.81118739678147
"GAGGTGACATGCATGT-1",0
"GAGGTGAGTACCTACA-1",0
"GAGGTGAGTCATTAGC-1",0
"GAGGTGAGTTCCTCCA-1",0
"GAGGTGATCATCGCTC-1",2.34891345338384
"GAGGTGATCTAGAGTC-1",0
"GAGGTGATCTCTAGGA-1",3.7258511661313
"GAGGTGATCTGCTGTC-1",10.14449138009
"GAGGTGATCTGGGCCA-1",1.83734307652052
"GAGTCCGAGGACAGAA-1",0
"GAGTCCGAGGCATGTG-1",0
"GAGTCCGAGGCGTACA-1",0
"GAGTCCGCAAACCCAT-1",1.6848688061171
"GAGTCCGGTCAAGCGA-1",0
"GAGTCCGGTGACCAAG-1",2.34891345338384
"GAGTCCGGTGACTCAT-1",1.68989523212849
"GAGTCCGGTGTGACCC-1",0
"GAGTCCGGTTCGGGCT-1",4.02965309473629
"GAGTCCGGTTTGCATG-1",0
"GAGTCCGTCGGCGCAT-1",1.58339518249613
"GAGTCCGTCTGATTCT-1",0
"GATCAGTAGATGTCGG-1",7.39589711788618
"GATCAGTAGTGGTAGC-1",4.30940131255208
"GATCAGTGTATATGAG-1",1.40395083198397
"GATCAGTGTCTGCGGT-1",0
"GATCAGTGTTATGCGT-1",2.12109947721045
"GATCAGTGTTGTACAC-1",1.40395083198397
"GATCGATAGAATGTTG-1",0
"GATCGATAGAGCTGCA-1",0
"GATCGATAGCATGGCA-1",0
"GATCGATCAAGCGAGT-1",0
"GATCGATCAAGCGTAG-1",0
"GATCGATGTCAACATC-1",0
"GATCGATGTTGCCTCT-1",0
"GATCGATTCCGCATCT-1",1.4249289318177
"GATCGCGAGATAGTCA-1",2.12109947721045
"GATCGCGAGCCTTGAT-1",1.600853486456
"GATCGCGAGGAGCGTT-1",0
"GATCGCGCAGGTCGTC-1",7.47623045475616
"GATCGCGGTACAGCAG-1",1.51704163256299
"GATCGCGGTGAGTATA-1",0
"GATCGCGGTTGTCGCG-1",0
"GATCGCGTCACTCCTG-1",1.77528463202455
"GATCGTAAGACATAAC-1",0
"GATCGTAAGCTCAACT-1",0
"GATCGTACATAACCTG-1",1.78884874323438
"GATCGTAGTGGCTCCA-1",0
"GATCGTATCATATCGG-1",0
"GATCGTATCATGTCCC-1",1.69025567164657
"GATCGTATCTTACCGC-1",1.62563259835408
"GATCTAGAGCGTCTAT-1",4.02965309473629
"GATCTAGAGTGGAGAA-1",0
"GATCTAGCAACACCTA-1",1.78884874323438
"GATCTAGCAAGGGTCA-1",0
"GATCTAGGTCTAAAGA-1",6.39985749403848
"GATCTAGGTCTCACCT-1",0
"GATCTAGGTCTCTTTA-1",2.07308014163831
"GATCTAGTCACATAGC-1",0
"GATCTAGTCTAAGCCA-1",7.39589711788618
"GATGAAAAGAGTAATC-1",4.02965309473629
"GATGAAAAGCTCCCAG-1",1.39818618843915
"GATGAAACACGGTAGA-1",0
"GATGAAACAGCTGTAT-1",3.13425279360337
"GATGAAAGTGGGTATG-1",0
"GATGAAATCACCCTCA-1",0
"GATGAAATCACTCCTG-1",0
"GATGAAATCAGCAACT-1",0
"GATGAAATCGAGAGCA-1",3.430592942575
"GATGAGGAGATCCCGC-1",0
"GATGAGGAGTTCGATC-1",0
"GATGAGGCACCAGTTA-1",0
"GATGAGGGTATCACCA-1",0
"GATGAGGGTATTCGTG-1",1.89601581014423
"GATGAGGGTCGCGTGT-1",7.47623045475616
"GATGAGGGTGATGATA-1",6.39985749403848
"GATGAGGTCACAGGCC-1",0
"GATGAGGTCACATAGC-1",12.0976710115735
"GATGAGGTCCCTTGTG-1",0
"GATGAGGTCTGCTGTC-1",0
"GATGCTAAGACTAAGT-1",2.44825363108757
"GATGCTAAGGATGCGT-1",0
"GATGCTAAGGCTCTTA-1",2.07308014163831
"GATGCTAAGGGAACGG-1",1.94728283286729
"GATGCTAAGTATCTCG-1",3.7258511661313
"GATGCTAAGTCTCGGC-1",1.40371918852262
"GATGCTACATGTTGAC-1",0
"GATGCTACATTGCGGC-1",0
"GATGCTAGTCTCCATC-1",0
"GATGCTAGTGGAAAGA-1",1.88645899306714
"GATGCTAGTTAGGGTG-1",0
"GATGCTATCCTGTACC-1",0
"GATGCTATCGGCGCTA-1",0
"GATTCAGAGAAACCTA-1",0
"GATTCAGAGAGTGACC-1",1.5724110491452
"GATTCAGAGATTACCC-1",0
"GATTCAGAGGGTCGAT-1",0
"GATTCAGAGGTCGGAT-1",1.57788018942104
"GATTCAGAGTCAATAG-1",0
"GATTCAGCAAGTTGTC-1",0
"GATTCAGCAATTCCTT-1",0
"GATTCAGCAGGGTACA-1",0
"GATTCAGCATCGACGC-1",1.78884874323438
"GATTCAGCATTATCTC-1",1.4249289318177
"GATTCAGGTAAATACG-1",4.30940131255208
"GATTCAGTCAACTCTT-1",0
"GCAAACTAGATGTTAG-1",0
"GCAAACTAGTCATGCT-1",3.60253032082918
"GCAAACTAGTCTCAAC-1",4.64259413177986
"GCAAACTCACAGGTTT-1",0
"GCAAACTGTCAGATAA-1",1.56668709405614
"GCAAACTGTCTCCATC-1",0
"GCAAACTTCGTGGTCG-1",0
"GCAATCAAGGGATCTG-1",0
"GCAATCAAGTATCTCG-1",1.84942857412342
"GCAATCAAGTGGGTTG-1",0
"GCAATCACAGCTTAAC-1",0
"GCAATCACATGTCGAT-1",1.74383018970019
"GCAATCACATTCCTCG-1",0
"GCAATCAGTAGGAGTC-1",0
"GCAATCAGTATAATGG-1",0
"GCAATCAGTTCTCATT-1",0
"GCAATCAGTTCTGGTA-1",1.40371918852262
"GCACATAAGAGCTATA-1",0
"GCACATAAGATGTTAG-1",0
"GCACATAAGCCTTGAT-1",1.9179810120487
"GCACATAAGGAGTACC-1",0
"GCACATAAGTGAAGTT-1",0
"GCACATACACCACGTG-1",1.8964969142605
"GCACATACAGCTGTAT-1",3.90759974047396
"GCACATACAGGAACGT-1",0
"GCACATAGTCATCGGC-1",0
"GCACATAGTCCGAATT-1",3.45490475373592
"GCACATAGTCTCTTTA-1",1.94728283286729
"GCACATAGTGCGCTTG-1",0
"GCACATATCACCTCGT-1",0
"GCACATATCTGGTTCC-1",0
"GCACTCTCAAGACACG-1",3.48469361582847
"GCACTCTCAATCACAC-1",0
"GCACTCTCATTTCAGG-1",0
"GCACTCTGTAAACCTC-1",1.56668709405614
"GCACTCTGTACCAGTT-1",0
"GCACTCTGTAGAAAGG-1",1.78884874323438
"GCACTCTGTCGAACAG-1",1.96659215144957
"GCACTCTGTCTAGGTT-1",0
"GCACTCTTCAACTCTT-1",0
"GCACTCTTCCCTAATT-1",2.47227658554976
"GCACTCTTCTGCCCTA-1",2.07308014163831
"GCAGCCAAGCTGATAA-1",0
"GCAGCCACATGAGCGA-1",1.76197472089661
"GCAGCCAGTAATCGTC-1",0
"GCAGCCAGTGTCGCTG-1",0
"GCAGCCATCAGTTGAC-1",1.56668709405614
"GCAGCCATCCCAACGG-1",0
"GCAGCCATCCGTACAA-1",0
"GCAGTTAAGTCCATAC-1",4.51553638081919
"GCAGTTAAGTCCGTAT-1",1.78884874323438
"GCAGTTAAGTTAACGA-1",0
"GCAGTTAGTGGACGAT-1",0
"GCAGTTAGTTATTCTC-1",1.68989523212849
"GCAGTTATCGCGATCG-1",0
"GCATACAAGATCTGCT-1",0
"GCATACAAGCAACGGT-1",4.51553638081919
"GCATACACAACGCACC-1",4.52073490978118
"GCATACACAAGGACTG-1",7.24022013409698
"GCATACACAAGTCTGT-1",7.9593251913372
"GCATACACAGTCAGCC-1",0
"GCATACACATCCTAGA-1",0
"GCATACACATCGGAAG-1",0
"GCATACAGTCCGAACC-1",0
"GCATACAGTTCTGGTA-1",0
"GCATACATCCACGACG-1",0
"GCATGATAGAATGTTG-1",1.58339518249613
"GCATGATAGAGTAATC-1",0
"GCATGATAGCTGATAA-1",1.78884874323438
"GCATGATAGGACCACA-1",0
"GCATGATAGGCTAGCA-1",0
"GCATGATAGTCAAGCG-1",0
"GCATGATAGTGGAGAA-1",0
"GCATGATCACACCGAC-1",0
"GCATGATCACATTTCT-1",1.69025567164657
"GCATGATGTCCCTACT-1",0
"GCATGATGTTGCGCAC-1",0
"GCATGATTCGTGGACC-1",1.72576302731971
"GCATGCGAGCATGGCA-1",0
"GCATGCGAGTCCAGGA-1",0
"GCATGCGCACTGCCAG-1",0
"GCATGCGGTAAGGATT-1",0
"GCATGCGGTCCTCTTG-1",1.89169991741654
"GCATGCGGTGTGAAAT-1",0
"GCATGCGTCCGCGGTA-1",0
"GCATGTAAGAACTGTA-1",1.77814034080982
"GCATGTAAGACAGACC-1",5.04543973426827
"GCATGTAAGTACTTGC-1",3.39332365160466
"GCATGTAAGTGCAAGC-1",1.69025567164657
"GCATGTACAACACGCC-1",0
"GCATGTATCACGAAGG-1",0
"GCCAAATCAAACTGTC-1",0
"GCCAAATCAAGGGTCA-1",1.48586893971067
"GCCAAATCAAGTTCTG-1",1.7399468934154
"GCCAAATCATAACCTG-1",1.600853486456
"GCCAAATGTATAAACG-1",0
"GCCAAATGTGTTTGGT-1",0
"GCCAAATGTTTCGCTC-1",6.26439145643846
"GCCAAATTCAGGTAAA-1",0
"GCCAAATTCCGAGCCA-1",0
"GCCAAATTCCGCGGTA-1",1.90472393454897
"GCCAAATTCGGCTACG-1",1.94728283286729
"GCCTCTAAGAGTACCG-1",6.07846704391344
"GCCTCTAAGCCATCGC-1",1.86355644233966
"GCCTCTAAGCCGCCTA-1",3.70589039186157
"GCCTCTAAGCGATAGC-1",1.62563259835408
"GCCTCTAAGCTGCAAG-1",0
"GCCTCTAAGCTTCGCG-1",0
"GCCTCTAAGTCACGCC-1",0
"GCCTCTACAAGACGTG-1",1.70482991525529
"GCCTCTACAGCTATTG-1",3.85932451350301
"GCCTCTAGTAAGGATT-1",1.72576302731971
"GCCTCTAGTGATGATA-1",1.78884874323438
"GCCTCTAGTTAAGGGC-1",0
"GCCTCTATCAGCGACC-1",1.96659215144957
"GCCTCTATCCGATATG-1",1.70815189712004
"GCCTCTATCGAATCCA-1",1.81419047444502
"GCCTCTATCGAGCCCA-1",0
"GCCTCTATCGCTGATA-1",7.9593251913372
"GCCTCTATCTTTAGGG-1",0
"GCGACCAAGAGGTTAT-1",1.76197472089661
"GCGACCACACTTACGA-1",1.93047041241648
"GCGACCAGTCAGGACA-1",1.6848688061171
"GCGACCAGTCTAGAGG-1",2.47227658554976
"GCGACCATCAACGGGA-1",5.37987926980613
"GCGACCATCCCGGATG-1",0
"GCGACCATCTACTCAT-1",0
"GCGAGAAAGGTTCCTA-1",0
"GCGAGAAAGTACGATA-1",0
"GCGAGAAAGTGTCTCA-1",0
"GCGAGAACAAGCCCAC-1",9.66968352502896
"GCGAGAACACTGAAGG-1",0
"GCGAGAAGTAGCGCTC-1",2.34891345338384
"GCGAGAAGTCCCTACT-1",0
"GCGAGAATCCTTTCGG-1",0
"GCGAGAATCGAGAGCA-1",3.430592942575
"GCGAGAATCGCACTCT-1",0
"GCGCAACAGTCCTCCT-1",4.02965309473629
"GCGCAACAGTGTACGG-1",7.39589711788618
"GCGCAACCAAGTCTGT-1",4.52073490978118
"GCGCAACCAGCCACCA-1",0
"GCGCAACGTAGCGCTC-1",1.76197472089661
"GCGCAACGTCCCTTGT-1",0
"GCGCAACGTCCTAGCG-1",0
"GCGCAACGTCGACTAT-1",1.91009641529294
"GCGCAACGTCTAGAGG-1",1.79134292404771
"GCGCAACTCAATACCG-1",0
"GCGCAGTCACATCCAA-1",0
"GCGCAGTCATTACCTT-1",1.69025567164657
"GCGCAGTGTTAGGGTG-1",1.6802341060118
"GCGCAGTTCGATCCCT-1",0
"GCGCAGTTCGCGGATC-1",3.63832847716227
"GCGCCAAAGACATAAC-1",3.60665922698555
"GCGCCAAAGGACAGCT-1",0
"GCGCCAAAGGCCCTTG-1",3.91981028823499
"GCGCCAAAGGGCTTCC-1",4.02965309473629
"GCGCCAAAGGTACTCT-1",0
"GCGCCAACATAACCTG-1",0
"GCGCCAACATTGGGCC-1",0
"GCGCCAAGTACTTGAC-1",1.87281826504998
"GCGCCAAGTCGGCACT-1",0
"GCGCCAAGTGAAAGAG-1",1.58339518249613
"GCGCCAAGTTGTACAC-1",1.62563259835408
"GCGCCAATCCGTTGCT-1",2.03168215820064
"GCGCGATAGAAGGTTT-1",1.94728283286729
"GCGCGATAGCAGGTCA-1",0
"GCGCGATAGTGAATTG-1",0
"GCGCGATAGTTTGCGT-1",0
"GCGCGATCAGCTCGAC-1",0
"GCGCGATGTAAGTAGT-1",3.60253032082918
"GCGCGATGTCACTTCC-1",0
"GCGCGATGTTACCAGT-1",0
"GCGCGATTCAGTTAGC-1",1.56668709405614
"GCGCGATTCGTTTAGG-1",0
"GCGGGTTAGAAACGAG-1",7.62361723370944
"GCGGGTTAGCTATGCT-1",1.82764235530237
"GCGGGTTAGTGTGAAT-1",2.70339018313403
"GCGGGTTCACGCGAAA-1",0
"GCGGGTTCAGGCAGTA-1",0
"GCGGGTTCAGTAACGG-1",1.90472393454897
"GCGGGTTGTGAGTATA-1",3.22193602574695
"GCGGGTTGTGGCGAAT-1",0
"GCGGGTTTCCAAAGTC-1",0
"GCGGGTTTCCTTTCTC-1",0
"GCGGGTTTCTCCAACC-1",0
"GCGGGTTTCTTGAGGT-1",3.34167493200978
"GCGGGTTTCTTGTATC-1",2.94734782348546
"GCTCCTACAAACTGTC-1",6.49718517957146
"GCTCCTACACCAGGTC-1",0
"GCTCCTACACCGATAT-1",1.83734307652052
"GCTCCTACAGGGTACA-1",0
"GCTCCTACATTAGCCA-1",3.7258511661313
"GCTCCTAGTCAGGACA-1",8.26605714043331
"GCTCCTAGTCCGTCAG-1",0
"GCTCCTATCAGCCTAA-1",4.02965309473629
"GCTCCTATCCCTAATT-1",1.6802341060118
"GCTCTGTAGAGGTAGA-1",0
"GCTCTGTAGCTGAACG-1",0
"GCTCTGTAGGAGTCTG-1",0
"GCTCTGTAGTGCTGCC-1",1.94728283286729
"GCTCTGTAGTGGACGT-1",0
"GCTCTGTTCACCTCGT-1",0
"GCTGCAGAGCGTGAGT-1",1.62563259835408
"GCTGCAGAGTCAAGCG-1",0
"GCTGCAGAGTCCCACG-1",1.80098540064175
"GCTGCAGCAATTGCTG-1",0
"GCTGCAGCATGCCCGA-1",0
"GCTGCAGCATGCCTAA-1",0
"GCTGCAGGTAAACCTC-1",1.87515212172843
"GCTGCAGGTACGAAAT-1",1.69025567164657
"GCTGCAGGTAGCGCAA-1",3.48469361582847
"GCTGCAGGTCACCCAG-1",1.50602481706067
"GCTGCAGGTCATGCCG-1",0
"GCTGCGAAGGAATGGA-1",1.89601581014423
"GCTGCGAGTCTAACGT-1",1.48586893971067
"GCTGCGAGTGTTTGGT-1",0
"GCTGCGATCTCCTATA-1",1.7399468934154
"GCTGCGATCTTGTTTG-1",0
"GCTGCTTAGAATTGTG-1",0
"GCTGCTTAGGCAATTA-1",0
"GCTGCTTCATCACGTA-1",0
"GCTGCTTCATCCAACA-1",3.60665922698555
"GCTGCTTCATGCCTAA-1",0
"GCTGCTTCATGGTCAT-1",0
"GCTGCTTGTAACGACG-1",0
"GCTGCTTGTAATCGTC-1",0
"GCTGCTTGTAGGGACT-1",0
"GCTGCTTGTGAAAGAG-1",1.87561978493154
"GCTGCTTTCCGGGTGT-1",1.52655736826815
"GCTGGGTAGACCCACC-1",0
"GCTGGGTAGCCACGCT-1",1.87515212172843
"GCTGGGTAGTCGCCGT-1",0
"GCTGGGTAGTCTCAAC-1",0
"GCTGGGTCACGGCTAC-1",4.30940131255208
"GCTGGGTCAGCCAATT-1",0
"GCTGGGTGTACAGTTC-1",0
"GCTGGGTGTACCGTTA-1",0
"GCTGGGTGTCGAGTTT-1",0
"GCTGGGTGTCTCCACT-1",1.87561978493154
"GCTGGGTGTGCCTGTG-1",1.81419047444502
"GCTGGGTTCAGCTTAG-1",0
"GCTGGGTTCCTTAATC-1",4.73811598515394
"GCTTCCAAGAAACCTA-1",1.70815189712004
"GCTTCCACACCACCAG-1",1.76197472089661
"GCTTCCACAGGTCGTC-1",1.89601581014423
"GCTTCCACAGTGAGTG-1",0
"GCTTCCAGTATAGGTA-1",1.53793562934172
"GCTTCCAGTTCAGCGC-1",0
"GCTTCCATCGTCCAGG-1",0
"GCTTGAAAGATGGCGT-1",1.82764235530237
"GCTTGAAAGCCGTCGT-1",0
"GCTTGAACAAACCTAC-1",0
"GCTTGAACACGGTGTC-1",1.91009641529294
"GCTTGAACATCGGAAG-1",2.74453102969427
"GCTTGAAGTGCGGTAA-1",0
"GCTTGAAGTTCTCATT-1",0
"GCTTGAATCAGGATCT-1",0
"GGAAAGCAGGCAGGTT-1",0
"GGAAAGCCAAACGCGA-1",0
"GGAAAGCCAAGTACCT-1",1.40395083198397
"GGAAAGCGTAAGCACG-1",0
"GGAAAGCGTCCTCCAT-1",0
"GGAAAGCGTCGCGTGT-1",0
"GGAAAGCGTGCTTCTC-1",4.07366697697421
"GGAAAGCTCCAGAGGA-1",0
"GGAACTTAGAGTAAGG-1",3.63832847716227
"GGAACTTCAATGTAAG-1",0
"GGAACTTCACAGGAGT-1",0
"GGAACTTCACCTCGTT-1",0
"GGAACTTGTCTCTTTA-1",3.80228784557716
"GGAACTTTCATTGCCC-1",0
"GGAACTTTCATTTGGG-1",0
"GGAACTTTCCGTCATC-1",1.78059725485862
"GGAACTTTCCTCAACC-1",1.88645899306714
"GGAACTTTCGGATGTT-1",0
"GGAATAAAGGTACTCT-1",3.48469361582847
"GGAATAAAGTGTCCAT-1",0
"GGAATAACAGCGTCCA-1",0
"GGAATAAGTCTGGTCG-1",3.34167493200978
"GGAATAAGTGCAGGTA-1",0
"GGAATAATCAGCACAT-1",0
"GGAATAATCTTTACGT-1",0
"GGACAAGAGGTACTCT-1",1.87281826504998
"GGACAAGCAACGATGG-1",0
"GGACAAGCAGTCGTGC-1",5.15881174451066
"GGACAAGCATGGGACA-1",4.51553638081919
"GGACAAGGTATAAACG-1",0
"GGACAAGGTATGAAAC-1",0
"GGACAAGGTCGGCATC-1",0
"GGACAAGGTTATGCGT-1",0
"GGACAAGTCTAACGGT-1",1.96659215144957
"GGACAGAAGCTAGTCT-1",1.58339518249613
"GGACAGAAGTACTTGC-1",1.52655736826815
"GGACAGACAACACGCC-1",1.83734307652052
"GGACAGACACAAGCCC-1",3.430592942575
"GGACAGAGTAAGTGGC-1",1.51704163256299
"GGACAGAGTCTTTCAT-1",0
"GGACAGAGTGAGGGAG-1",0
"GGACAGAGTTCCACAA-1",1.81118739678147
"GGACAGATCAACGCTA-1",0
"GGACATTAGAGGGCTT-1",0
"GGACATTAGCCACGTC-1",0
"GGACATTCAAACGCGA-1",6.27206007882455
"GGACATTCAATGACCT-1",0
"GGACATTCACCAGCAC-1",1.94728283286729
"GGACATTGTTCTGGTA-1",0
"GGACATTTCCTCTAGC-1",1.96659215144957
"GGACGTCAGTACTTGC-1",0
"GGACGTCAGTGGTAAT-1",0
"GGACGTCCACAGTCGC-1",1.6848688061171
"GGACGTCGTGAGGGAG-1",0
"GGACGTCGTGGCGAAT-1",2.47227658554976
"GGACGTCGTTACGGAG-1",0
"GGACGTCGTTTAAGCC-1",1.89169991741654
"GGACGTCTCCACTCCA-1",0
"GGACGTCTCGCAAACT-1",1.65477614282002
"GGACGTCTCTCCAGGG-1",0
"GGACGTCTCTCGAGTA-1",7.9593251913372
"GGACGTCTCTGGTGTA-1",0
"GGACGTCTCTTCGAGA-1",0
"GGAGCAAAGAACTCGG-1",1.76197472089661
"GGAGCAAAGACTGTAA-1",4.52073490978118
"GGAGCAAAGCCGCCTA-1",0
"GGAGCAAAGCTAAACA-1",3.60665922698555
"GGAGCAAAGTACGCCC-1",0
"GGAGCAACAAGCTGTT-1",0
"GGAGCAACAATGGACG-1",1.96659215144957
"GGAGCAACAATTCCTT-1",0
"GGAGCAACATGCTGGC-1",0
"GGAGCAAGTGAGTATA-1",2.59949510326887
"GGAGCAAGTTACTGAC-1",0
"GGAGCAATCAAGATCC-1",2.34891345338384
"GGAGCAATCCCATTTA-1",0
"GGATGTTCAAACTGTC-1",3.60665922698555
"GGATGTTTCATCACCC-1",0
"GGATGTTTCATGCATG-1",1.87515212172843
"GGATGTTTCCTACAGA-1",1.51704163256299
"GGATGTTTCCTCTAGC-1",1.62563259835408
"GGATTACAGATCCCAT-1",1.74383018970019
"GGATTACAGCTTCGCG-1",5.15881174451066
"GGATTACAGGCTAGCA-1",1.44516265397505
"GGATTACAGTATCTCG-1",2.91111551113898
"GGATTACCAAGCGTAG-1",3.80228784557716
"GGATTACCACATCCGG-1",1.84045709961207
"GGATTACCAGCGTAAG-1",0
"GGATTACGTAATAGCA-1",1.81419047444502
"GGATTACGTACACCGC-1",5.04543973426827
"GGATTACGTCTCTTTA-1",9.66968352502896
"GGATTACGTTGAGGTG-1",3.53240483651698
"GGATTACTCGCGCCAA-1",1.50547893870156
"GGATTACTCGGCGCAT-1",3.27408134968318
"GGATTACTCTGCCCTA-1",0
"GGCAATTCAATCGGTT-1",3.99379252711173
"GGCAATTCACGGCGTT-1",0
"GGCAATTCATCACCCT-1",0
"GGCAATTGTCGATTGT-1",1.69025567164657
"GGCAATTTCACTTACT-1",0
"GGCAATTTCAGCACAT-1",0
"GGCAATTTCTCCGGTT-1",0
"GGCCGATAGTGTCTCA-1",2.34891345338384
"GGCCGATCACGGACAA-1",1.68989523212849
"GGCCGATGTAGGACAC-1",1.84045709961207
"GGCCGATGTCACTGGC-1",3.7258511661313
"GGCCGATGTCCCTACT-1",0
"GGCCGATTCACCGTAA-1",0
"GGCCGATTCCGCGCAA-1",0
"GGCGACTAGAGCTGGT-1",0
"GGCGACTAGGACCACA-1",3.06471394235882
"GGCGACTAGGTTACCT-1",0
"GGCGACTCAAAGCGGT-1",0
"GGCGACTCAAGAGTCG-1",0
"GGCGACTCACCAGGTC-1",1.70482991525529
"GGCGACTCATTGTGCA-1",1.87281826504998
"GGCGACTTCAGAAATG-1",12.0976710115735
"GGCGACTTCAGAGACG-1",1.51704163256299
"GGCGACTTCCAGATCA-1",0
"GGCGACTTCTCTAGGA-1",0
"GGCGTGTAGCTAGCCC-1",0
"GGCGTGTAGGGTATCG-1",0
"GGCGTGTCAGGTCCAC-1",0
"GGCGTGTCAGTATAAG-1",0
"GGCGTGTCATCGTCGG-1",0
"GGCGTGTCATGGAATA-1",0
"GGCGTGTGTCTCCCTA-1",0
"GGCGTGTTCTTGAGGT-1",1.6848688061171
"GGCTCGAAGCCGTCGT-1",3.22718719196522
"GGCTCGAAGGTAAACT-1",6.26439145643846
"GGCTCGACAAGAAGAG-1",0
"GGCTCGACAATAGCAA-1",6.39985749403848
"GGCTCGACATGGTCAT-1",0
"GGCTCGAGTATATCCG-1",0
"GGCTCGAGTTACGTCA-1",0
"GGCTCGAGTTAGGGTG-1",0
"GGCTCGATCTGCAAGT-1",5.02187428004077
"GGCTGGTAGAAGAAGC-1",0
"GGCTGGTAGACCCACC-1",3.7258511661313
"GGCTGGTCAAGGACAC-1",3.13425279360337
"GGCTGGTCACTGCCAG-1",1.80098540064175
"GGCTGGTCATTTCAGG-1",0
"GGCTGGTGTATTCTCT-1",3.13425279360337
"GGCTGGTGTCGCATCG-1",6.07846704391344
"GGCTGGTGTCTAGTGT-1",0
"GGCTGGTGTTATGCGT-1",1.87561978493154
"GGGAATGAGCGTTGCC-1",1.48586893971067
"GGGAATGAGTAGGTGC-1",0
"GGGAATGGTAAGGGAA-1",1.74383018970019
"GGGAATGTCAACGAAA-1",3.91981028823499
"GGGAATGTCCAGTATG-1",1.72576302731971
"GGGAATGTCCGGGTGT-1",3.430592942575
"GGGACCTAGATGTAAC-1",0
"GGGACCTAGTCTTGCA-1",0
"GGGACCTCAATCAGAA-1",0
"GGGACCTCACTGAAGG-1",0
"GGGAGATAGTACGACG-1",2.47227658554976
"GGGAGATCAAAGTGCG-1",0
"GGGAGATCAAATCCGT-1",0
"GGGAGATCAAGGACTG-1",3.34167493200978
"GGGAGATCACGCGAAA-1",3.94966317024934
"GGGAGATGTAGCGCAA-1",1.40371918852262
"GGGAGATTCAACGGGA-1",1.76197472089661
"GGGAGATTCATCACCC-1",1.88645899306714
"GGGATGAAGTGACATA-1",1.89169991741654
"GGGATGACATCATCCC-1",0
"GGGATGAGTCACCCAG-1",3.63832847716227
"GGGATGAGTGGAAAGA-1",0
"GGGATGAGTTACGACT-1",0
"GGGATGAGTTGGTAAA-1",3.65820333944386
"GGGATGATCAGTTAGC-1",0
"GGGATGATCTATCCTA-1",0
"GGGATGATCTTTAGGG-1",1.88645899306714
"GGGCACTAGTCTCGGC-1",1.88645899306714
"GGGCACTCATCTCCCA-1",0
"GGGCACTTCACCTCGT-1",0
"GGGCACTTCTGAGGGA-1",2.12109947721045
"GGGCATCCAATGTAAG-1",1.7000594688291
"GGGCATCCAGTCTTCC-1",1.77528463202455
"GGGCATCGTGGCGAAT-1",6.26439145643846
"GGGCATCTCACAGTAC-1",0
"GGGCATCTCCCTTGTG-1",1.70815189712004
"GGGCATCTCCGGCACA-1",5.33138769861341
"GGGCATCTCTGTCCGT-1",1.87515212172843
"GGGCATCTCTTATCTG-1",1.72576302731971
"GGGTCTGAGAAGATTC-1",0
"GGGTCTGAGATCCCGC-1",0
"GGGTCTGAGCCAACAG-1",0
"GGGTCTGCACAGGCCT-1",1.69025567164657
"GGGTCTGCACCAGGTC-1",1.50602481706067
"GGGTCTGGTCTGGTCG-1",3.34167493200978
"GGGTCTGGTGATGATA-1",0
"GGGTCTGGTGTGACCC-1",1.78182890102545
"GGGTCTGTCAACTCTT-1",0
"GGGTCTGTCACTCCTG-1",0
"GGGTCTGTCCGTAGTA-1",0
"GGGTTGCAGACAGAGA-1",4.30940131255208
"GGGTTGCAGACCTTTG-1",3.94966317024934
"GGGTTGCAGATCGATA-1",0
"GGGTTGCAGGGTGTTG-1",0
"GGGTTGCAGGTGGGTT-1",1.7399468934154
"GGGTTGCCAATAACGA-1",1.96659215144957
"GGGTTGCCACGCCAGT-1",0
"GGGTTGCCATTAACCG-1",0
"GGGTTGCGTACATCCA-1",0
"GGGTTGCGTAGCGCAA-1",0
"GGGTTGCGTCCTCCAT-1",0
"GGGTTGCGTCGAGTTT-1",1.50602481706067
"GGGTTGCGTGAGTATA-1",0
"GGGTTGCGTGTGACCC-1",5.04543973426827
"GGGTTGCTCGTACCGG-1",0
"GGTATTGAGCACCGTC-1",1.96659215144957
"GGTATTGAGCTATGCT-1",0
"GGTATTGCACATCCAA-1",0
"GGTATTGCAGCTTCGG-1",0
"GGTATTGGTTCCGTCT-1",0
"GGTATTGTCAGAAATG-1",3.80228784557716
"GGTATTGTCCATTCTA-1",6.7437255118731
"GGTATTGTCGCCAGCA-1",0
"GGTGAAGAGACACGAC-1",0
"GGTGAAGAGATCCGAG-1",1.6848688061171
"GGTGAAGCAAGGTGTG-1",0
"GGTGAAGCACTCGACG-1",1.96659215144957
"GGTGAAGCAGTATGCT-1",2.72092133879211
"GGTGAAGGTATGAAAC-1",4.52073490978118
"GGTGAAGGTCAGAATA-1",1.52655736826815
"GGTGAAGGTGGTACAG-1",1.6802341060118
"GGTGAAGGTGTATGGG-1",0
"GGTGAAGGTGTCTGAT-1",0
"GGTGAAGGTGTGGTTT-1",3.31322026136627
"GGTGAAGGTGTGTGCC-1",1.7000594688291
"GGTGAAGTCACGATGT-1",1.64189179728152
"GGTGAAGTCACTCTTA-1",1.57788018942104
"GGTGAAGTCTGGCGTG-1",0
"GGTGCGTAGGTGATTA-1",1.78884874323438
"GGTGCGTAGTACGATA-1",2.34891345338384
"GGTGCGTCACTTAAGC-1",0
"GGTGCGTCAGCTGTAT-1",1.69025567164657
"GGTGCGTGTTCGTTGA-1",0
"GGTGCGTTCCGTACAA-1",4.51553638081919
"GGTGCGTTCTTGACGA-1",1.78553667378979
"GGTGTTAAGGGCTCTC-1",0
"GGTGTTAAGTAGCGGT-1",6.26439145643846
"GGTGTTAAGTGGGATC-1",4.02965309473629
"GGTGTTAAGTTATCGC-1",12.0976710115735
"GGTGTTACAAATCCGT-1",0
"GGTGTTACACGGATAG-1",0
"GGTGTTAGTAATCACC-1",1.82764235530237
"GGTGTTAGTAGCAAAT-1",0
"GGTGTTAGTGTATGGG-1",0
"GGTGTTAGTTGAACTC-1",1.88645899306714
"GGTGTTATCGGACAAG-1",0
"GGTGTTATCGGTGTTA-1",0
"GGTGTTATCTACTTAC-1",0
"GTAACGTAGGTGACCA-1",2.72092133879211
"GTAACGTCACAGGCCT-1",0
"GTAACGTGTACCATCA-1",1.88645899306714
"GTAACGTGTGAGTATA-1",1.64189179728152
"GTAACGTGTTACGGAG-1",0
"GTAACGTGTTAGGGTG-1",0
"GTAACGTTCGGTCCGA-1",0
"GTAACGTTCTCATTCA-1",1.52655736826815
"GTAACTGAGTGGGTTG-1",1.52655736826815
"GTAACTGCAATGGAAT-1",0
"GTAACTGCACAGGCCT-1",0
"GTAACTGCAGGATCGA-1",0
"GTAACTGCATCGGGTC-1",5.49854613097341
"GTAACTGGTATTACCG-1",1.65477614282002
"GTAACTGTCACGGTTA-1",1.96659215144957
"GTAACTGTCTACTATC-1",0
"GTACGTAAGGTGCTTT-1",0
"GTACGTACAGGAATGC-1",6.27206007882455
"GTACGTACATGGATGG-1",3.60665922698555
"GTACGTAGTGAGTGAC-1",3.27408134968318
"GTACGTAGTTGGTAAA-1",0
"GTACGTATCACCTCGT-1",1.62596052042962
"GTACGTATCATCGGAT-1",3.91981028823499
"GTACGTATCCACTGGG-1",0
"GTACTCCAGGCAGTCA-1",0
"GTACTCCCAATAGCGG-1",1.53564386274411
"GTACTCCCACAGGTTT-1",0
"GTACTCCTCACCTTAT-1",0
"GTACTCCTCATTGCCC-1",0
"GTACTCCTCCTTCAAT-1",7.49427765246362
"GTACTTTCAGTTAACC-1",0
"GTACTTTCATGTCGAT-1",4.52073490978118
"GTACTTTTCCGAAGAG-1",1.53793562934172
"GTAGGCCAGCAATCTC-1",5.90247666031547
"GTAGGCCCATTCGACA-1",0
"GTAGGCCGTAACGCGA-1",1.60211828392297
"GTAGGCCGTAAGGGCT-1",0
"GTAGGCCGTACGACCC-1",3.0246058625753
"GTAGGCCGTTCAGGCC-1",0
"GTAGGCCGTTGATTGC-1",0
"GTAGGCCTCAGCACAT-1",0
"GTAGTCAAGAATGTGT-1",0
"GTAGTCAAGATGCCTT-1",3.13425279360337
"GTAGTCAAGGACGAAA-1",4.02965309473629
"GTAGTCAAGTGAAGAG-1",6.27206007882455
"GTAGTCATCGTCACGG-1",0
"GTAGTCATCTGAAAGA-1",3.70589039186157
"GTATCTTAGAAACCAT-1",2.77412817725561
"GTATCTTAGGCTATCT-1",1.8964969142605
"GTATCTTAGTTGTCGT-1",3.06471394235882
"GTATCTTCACACCGCA-1",0
"GTATCTTCACGAAGCA-1",1.52655736826815
"GTATCTTGTTCGCTAA-1",0
"GTATCTTTCATGCTCC-1",0
"GTATCTTTCATGTAGC-1",0
"GTATTCTAGAAACCAT-1",1.56668709405614
"GTATTCTAGACAAAGG-1",0
"GTATTCTCAAAGTCAA-1",0
"GTATTCTCAACAACCT-1",0
"GTATTCTCAACTTGAC-1",0
"GTATTCTCAATAAGCA-1",0
"GTATTCTCAGGGTTAG-1",1.82764235530237
"GTATTCTCATACTACG-1",1.5724110491452
"GTATTCTCATGGTAGG-1",0
"GTATTCTGTAGTGAAT-1",0
"GTATTCTGTCTAGAGG-1",0
"GTCAAGTCATATGCTG-1",6.39985749403848
"GTCAAGTCATGGTTGT-1",0
"GTCAAGTGTCAGCTAT-1",0
"GTCAAGTGTTCCACTC-1",1.77814034080982
"GTCACAAAGCCGATTT-1",0
"GTCACAAAGTGGAGTC-1",4.51553638081919
"GTCACAACAGGTGGAT-1",2.44825363108757
"GTCACAAGTAAACGCG-1",6.49718517957146
"GTCACAATCAGGATCT-1",0
"GTCACAATCAGTTGAC-1",0
"GTCACAATCATGCATG-1",0
"GTCACGGAGATCACGG-1",2.70362182659538
"GTCACGGCATATACCG-1",0
"GTCACGGGTGAGTGAC-1",0
"GTCACGGGTGTGGCTC-1",1.600853486456
"GTCACGGTCGAGAGCA-1",1.78553667378979
"GTCACGGTCTACCTGC-1",4.90953240262438
"GTCATTTAGAGACTAT-1",3.06471394235882
"GTCATTTCACGTGAGA-1",1.95089811949327
"GTCATTTGTAGAAGGA-1",1.78884874323438
"GTCATTTGTCAGATAA-1",0
"GTCATTTTCCAGAGGA-1",1.7399468934154
"GTCCTCAAGCCCAACC-1",1.81118739678147
"GTCCTCAAGTAGATGT-1",1.7399468934154
"GTCCTCAAGTGGGCTA-1",0
"GTCCTCACAATCACAC-1",0
"GTCCTCAGTGGAAAGA-1",0
"GTCCTCATCAAAGACA-1",1.84045709961207
"GTCCTCATCGTCCGTT-1",0
"GTCGGGTCACTGAAGG-1",0
"GTCGGGTCACTTCGAA-1",0
"GTCGGGTCATGAAGTA-1",0
"GTCGGGTGTCTCACCT-1",1.50602481706067
"GTCGGGTGTGTGACGA-1",1.70482991525529
"GTCGGGTGTGTGTGCC-1",0
"GTCGGGTGTTACGTCA-1",0
"GTCGGGTTCTGCTGTC-1",0
"GTCGGGTTCTGTGCAA-1",0
"GTCGTAAAGAGATGAG-1",3.7258511661313
"GTCGTAAAGCTGCAAG-1",0
"GTCGTAAAGGCGACAT-1",4.52073490978118
"GTCGTAACATCACGAT-1",1.77528463202455
"GTCGTAAGTATCACCA-1",3.46204455177214
"GTCGTAATCCAAGTAC-1",1.78182890102545
"GTCTCGTAGACCACGA-1",7.9593251913372
"GTCTCGTCAGGAACGT-1",3.63832847716227
"GTCTCGTGTGGTAACG-1",3.19619837209934
"GTCTCGTGTTTGGCGC-1",3.99240174800574
"GTCTCGTTCACCGGGT-1",1.78059725485862
"GTCTCGTTCAGTGCAT-1",1.48586893971067
"GTCTTCGAGACAAGCC-1",1.56668709405614
"GTCTTCGAGGAATGGA-1",1.90472393454897
"GTCTTCGAGTCAAGCG-1",0
"GTCTTCGCACATGGGA-1",2.34891345338384
"GTCTTCGCACCAGGTC-1",0
"GTCTTCGCAGACGCAA-1",0
"GTCTTCGCATAACCTG-1",1.77814034080982
"GTCTTCGCATCGATGT-1",0
"GTCTTCGGTCTAGTGT-1",0
"GTCTTCGTCTCGATGA-1",0
"GTGAAGGAGAGCTGGT-1",0
"GTGAAGGAGATCGGGT-1",0
"GTGAAGGAGCCAGTTT-1",3.99240174800574
"GTGAAGGAGTGTTGAA-1",1.78884874323438
"GTGAAGGCAAAGGCGT-1",1.6802341060118
"GTGAAGGCACTTAAGC-1",4.52073490978118
"GTGAAGGCAGATTGCT-1",3.27408134968318
"GTGAAGGGTATATGGA-1",0
"GTGAAGGGTCTCTCTG-1",0
"GTGAAGGTCTCCTATA-1",3.19619837209934
"GTGCAGCAGACATAAC-1",0
"GTGCAGCAGTGGTCCC-1",5.49854613097341
"GTGCAGCCACATCTTT-1",0
"GTGCAGCGTGAGTATA-1",0
"GTGCAGCTCTTAGAGC-1",1.7000594688291
"GTGCATAAGGCATGGT-1",3.99240174800574
"GTGCATAGTTTGTTGG-1",0
"GTGCATATCAGAGCTT-1",2.07308014163831
"GTGCATATCATCATTC-1",0
"GTGCATATCTGCGTAA-1",0
"GTGCGGTAGCAATCTC-1",0
"GTGCGGTAGGACAGAA-1",4.02965309473629
"GTGCGGTCAAAGGTGC-1",2.47227658554976
"GTGCGGTGTTCAGACT-1",0
"GTGCGGTGTTCTGTTT-1",1.72576302731971
"GTGCGGTTCATCTGCC-1",7.24022013409698
"GTGCGGTTCCAGGGCT-1",1.8964969142605
"GTGCGGTTCGGATGGA-1",1.96659215144957
"GTGCGGTTCTCGTTTA-1",0
"GTGCGGTTCTGCTGTC-1",0
"GTGCTTCAGCCAGTTT-1",0
"GTGCTTCAGGATTCGG-1",1.4249289318177
"GTGCTTCAGTACACCT-1",0
"GTGCTTCCACTTAACG-1",1.77528463202455
"GTGCTTCCAGCTATTG-1",0
"GTGCTTCGTAGAGTGC-1",0
"GTGCTTCTCACAATGC-1",1.58339518249613
"GTGCTTCTCACTTCAT-1",0
"GTGGGTCAGACCGGAT-1",3.39332365160466
"GTGGGTCAGACTGTAA-1",0
"GTGGGTCAGCCGTCGT-1",1.82764235530237
"GTGGGTCCACCAACCG-1",1.40371918852262
"GTGGGTCCACCACCAG-1",6.27206007882455
"GTGTGCGAGACCGGAT-1",1.7399468934154
"GTGTGCGAGACTTGAA-1",0
"GTGTGCGCAGGTCGTC-1",0
"GTGTGCGGTGAGCGAT-1",0
"GTGTGCGTCAGTCAGT-1",3.5542584893787
"GTGTGCGTCCCTTGTG-1",1.70889228297558
"GTGTGCGTCTAACTTC-1",1.78553667378979
"GTGTTAGAGGACAGAA-1",0
"GTGTTAGAGGCATGGT-1",0
"GTGTTAGAGTGGAGAA-1",7.24022013409698
"GTGTTAGAGTTTGCGT-1",0
"GTGTTAGCAATGGAAT-1",0
"GTGTTAGCACCACCAG-1",7.62361723370944
"GTGTTAGGTGCCTGGT-1",1.73147862064088
"GTGTTAGGTGGAAAGA-1",1.600853486456
"GTGTTAGGTTCCATGA-1",0
"GTGTTAGGTTGGGACA-1",0
"GTTAAGCAGAGCTGCA-1",0
"GTTAAGCAGATAGCAT-1",0
"GTTAAGCAGCTAACAA-1",0
"GTTAAGCAGGCTACGA-1",0
"GTTAAGCAGTGTACCT-1",0
"GTTAAGCAGTTTGCGT-1",0
"GTTAAGCCATTCACTT-1",0
"GTTAAGCGTACTCGCG-1",1.87515212172843
"GTTAAGCGTCTAGGTT-1",1.90472393454897
"GTTAAGCGTGGCAAAC-1",1.6802341060118
"GTTAAGCGTTGCTCCT-1",7.99157799724998
"GTTAAGCTCCTTTCGG-1",0
"GTTACAGAGAGCTATA-1",1.89169991741654
"GTTACAGAGTACGATA-1",1.68989523212849
"GTTACAGCAGACGCCT-1",1.52655736826815
"GTTACAGCATCGGTTA-1",0
"GTTACAGGTATGGTTC-1",0
"GTTACAGGTCGACTGC-1",4.16945996151198
"GTTACAGGTCTAGGTT-1",3.90759974047396
"GTTCATTAGCGATGAC-1",0
"GTTCATTCATATACGC-1",1.53793562934172
"GTTCATTCATTGGCGC-1",0
"GTTCATTGTGCACGAA-1",5.84567898039357
"GTTCATTGTGTTAAGA-1",0
"GTTCATTGTTCAGTAC-1",3.60253032082918
"GTTCGGGAGACGACGT-1",0
"GTTCGGGAGCTAAGAT-1",1.86355644233966
"GTTCGGGAGTGTCTCA-1",1.93047041241648
"GTTCGGGGTAGGGTAC-1",3.65820333944386
"GTTCGGGGTGCAGGTA-1",3.0246058625753
"GTTCGGGTCCACGCAG-1",0
"GTTCGGGTCTACTTAC-1",0
"GTTCTCGAGACCACGA-1",1.62563259835408
"GTTCTCGAGCGATGAC-1",0
"GTTCTCGAGGCCATAG-1",0
"GTTCTCGCATCGGACC-1",1.69025567164657
"GTTCTCGGTAAGGGAA-1",3.59523892638684
"GTTCTCGGTAGCGTAG-1",6.58440030306419
"GTTCTCGGTCCGTGAC-1",0
"GTTCTCGGTGTTAAGA-1",0
"GTTCTCGTCAACGCTA-1",1.53564386274411
"GTTCTCGTCCTGTACC-1",0
"GTTTCTACAAACCTAC-1",0
"GTTTCTACAAGAAAGG-1",3.99240174800574
"GTTTCTAGTGTTGGGA-1",2.59949510326887
"GTTTCTATCCCAACGG-1",7.47623045475616
"GTTTCTATCCGTAGTA-1",0
"GTTTCTATCGGCATCG-1",0
"TAAACCGGTACTTAGC-1",2.05625384589532
"TAAACCGTCACTCTTA-1",0
"TAAACCGTCAGGCGAA-1",0
"TAAACCGTCCGTTGTC-1",0
"TAAACCGTCTTCCTTC-1",6.27206007882455
"TAAGAGACAAGTTGTC-1",4.16945996151198
"TAAGAGAGTATATCCG-1",2.47227658554976
"TAAGAGATCAATCACG-1",0
"TAAGAGATCTAACGGT-1",1.50602481706067
"TAAGAGATCTTTCCTC-1",0
"TAAGCGTAGTGGACGT-1",0
"TAAGCGTAGTGTCTCA-1",1.86355644233966
"TAAGCGTCAGCTTCGG-1",3.48469361582847
"TAAGCGTCAGGTGGAT-1",0
"TAAGCGTGTCCTGCTT-1",3.60665922698555
"TAAGCGTGTGCCTGGT-1",1.78553667378979
"TAAGCGTGTTGTTTGG-1",0
"TAAGCGTTCCTCATTA-1",0
"TAAGCGTTCGGCGCAT-1",0
"TAAGCGTTCTCGCATC-1",3.80609019734802
"TAAGTGCAGGCTAGGT-1",1.78884874323438
"TAAGTGCAGTAGCGGT-1",1.93047041241648
"TAAGTGCCAACGCACC-1",0
"TAAGTGCCATACAGCT-1",2.34891345338384
"TAAGTGCGTAAACACA-1",0
"TAAGTGCGTCTCACCT-1",1.7399468934154
"TAAGTGCGTTCAGACT-1",0
"TAAGTGCTCACCCTCA-1",0
"TAAGTGCTCACTGGGC-1",1.87281826504998
"TAAGTGCTCTGGCGTG-1",1.77814034080982
"TACACGACACCCATTC-1",1.83734307652052
"TACACGAGTGATAAAC-1",0
"TACACGATCTGTCTCG-1",0
"TACAGTGAGATGCGAC-1",0
"TACAGTGAGCGTTGCC-1",3.60665922698555
"TACAGTGAGTGTACGG-1",0
"TACAGTGCAGGAATCG-1",1.71821436207196
"TACAGTGCAGGTGCCT-1",1.52655736826815
"TACAGTGGTACTCAAC-1",0
"TACAGTGGTTGGACCC-1",1.8964969142605
"TACCTATAGAGCTGGT-1",7.47623045475616
"TACCTATAGAGTTGGC-1",0
"TACCTATAGGCTCATT-1",1.78182890102545
"TACCTATAGTTAGCGG-1",0
"TACCTATCAAGCTGGA-1",0
"TACCTATGTAAATGAC-1",0
"TACCTATGTAGAGTGC-1",0
"TACCTATGTCACCTAA-1",3.63832847716227
"TACCTATGTGTTGAGG-1",1.96237499240504
"TACCTATGTTAAAGAC-1",1.74383018970019
"TACCTATTCTATGTGG-1",0
"TACCTATTCTTCCTTC-1",0
"TACCTTAAGAGGTTGC-1",0
"TACCTTAAGTCAAGCG-1",0
"TACCTTAAGTGGTCCC-1",1.58339518249613
"TACCTTACAACTGGCC-1",0
"TACCTTACAAGGGTCA-1",0
"TACCTTACACTCAGGC-1",1.96659215144957
"TACCTTACATCTACGA-1",0
"TACCTTAGTAGCGTCC-1",0
"TACCTTAGTCTCCACT-1",1.77528463202455
"TACGGATAGATGGCGT-1",0
"TACGGATAGGTACTCT-1",0
"TACGGATCAGGGATTG-1",0
"TACGGATCATCACCCT-1",3.60253032082918
"TACGGATGTCTAGCCG-1",0
"TACGGATTCGGTGTCG-1",0
"TACGGATTCTACTATC-1",0
"TACGGGCAGGATGCGT-1",1.8964969142605
"TACGGGCAGGGAACGG-1",6.49718517957146
"TACGGGCAGTATTGGA-1",1.93047041241648
"TACGGGCAGTCAAGCG-1",0
"TACGGGCCAAGAAGAG-1",4.30940131255208
"TACGGGCCACCAGATT-1",8.26605714043331
"TACGGGCCATCAGTAC-1",0
"TACGGGCGTAAGGGCT-1",0
"TACGGGCGTCTGATTG-1",0
"TACGGGCGTGATGTGG-1",1.96659215144957
"TACGGGCTCACCTTAT-1",0
"TACGGGCTCAGCTCTC-1",0
"TACGGGCTCCACGAAT-1",0
"TACGGGCTCCTATTCA-1",0
"TACGGGCTCGGTGTTA-1",1.84045709961207
"TACGGTAAGATATGGT-1",1.50547893870156
"TACGGTAAGCCGATTT-1",0
"TACGGTAAGTCATGCT-1",0
"TACGGTAAGTGCCATT-1",0
"TACGGTACACAGGCCT-1",0
"TACGGTACATTTCAGG-1",0
"TACGGTAGTATATCCG-1",1.50602481706067
"TACGGTAGTCACTTCC-1",0
"TACGGTAGTGCAGGTA-1",6.597014208683
"TACGGTAGTGGGTATG-1",3.19619837209934
"TACGGTATCGCAGGCT-1",4.69067446278844
"TACGGTATCGGACAAG-1",2.59949510326887
"TACGGTATCGTTTATC-1",1.78884874323438
"TACTCATAGTCACGCC-1",0
"TACTCATCAATCTACG-1",3.430592942575
"TACTCATCACGGTAGA-1",6.49718517957146
"TACTCATCACTTCTGC-1",0
"TACTCATCATCCGTGG-1",1.84045709961207
"TACTCATCATGTCGAT-1",0
"TACTCATGTACAGCAG-1",0
"TACTCATGTCTTCAAG-1",0
"TACTCATTCCTTTCTC-1",0
"TACTCGCAGGCGACAT-1",0
"TACTCGCGTCAGAAGC-1",0
"TACTCGCGTCTGATTG-1",2.75406487909765
"TACTCGCGTGTAACGG-1",0
"TACTCGCGTTGAGTTC-1",0
"TACTCGCTCAACGGGA-1",4.52073490978118
"TACTCGCTCCGAATGT-1",0
"TACTTACAGACTAGGC-1",0
"TACTTACAGCTGAACG-1",1.5724110491452
"TACTTACAGTACACCT-1",1.78059725485862
"TACTTACAGTACGCCC-1",0
"TACTTACAGTGATCGG-1",0
"TACTTACCAAGCCGTC-1",1.50547893870156
"TACTTACCACAGGTTT-1",0
"TACTTACTCGCGTTTC-1",0
"TACTTGTAGCGATATA-1",0
"TACTTGTAGTAATCCC-1",1.82764235530237
"TACTTGTCAAACAACA-1",3.60253032082918
"TACTTGTCATGCAACT-1",0
"TACTTGTGTAGCACGA-1",0
"TACTTGTGTATAAACG-1",3.19619837209934
"TACTTGTGTTCCACAA-1",0
"TACTTGTTCTGCAGTA-1",1.53564386274411
"TAGACCAAGAGACGAA-1",6.27206007882455
"TAGACCAAGCCTCGTG-1",0
"TAGACCAAGTCGATAA-1",0
"TAGACCACAACACCCG-1",3.34167493200978
"TAGACCAGTAGATTAG-1",0
"TAGACCAGTTCATGGT-1",0
"TAGACCATCACTTCAT-1",0
"TAGACCATCGTCACGG-1",0
"TAGACCATCTCCAGGG-1",1.65477614282002
"TAGAGCTAGAATTCCC-1",1.8964969142605
"TAGAGCTAGTATTGGA-1",0
"TAGAGCTCACTGAAGG-1",0
"TAGAGCTGTACTTGAC-1",3.13425279360337
"TAGAGCTGTCTAAAGA-1",0
"TAGCCGGAGACTGGGT-1",3.32722537219632
"TAGCCGGAGTCCCACG-1",0
"TAGCCGGAGTGACATA-1",0
"TAGCCGGCAGCAGTTT-1",0
"TAGCCGGGTACAGTGG-1",0
"TAGCCGGGTACCATCA-1",0
"TAGCCGGGTCGCGAAA-1",0
"TAGCCGGTCACGACTA-1",0
"TAGGCATAGAACTGTA-1",0
"TAGGCATAGCTAGGCA-1",1.96659215144957
"TAGGCATAGTCGTACT-1",4.16945996151198
"TAGGCATAGTTTAGGA-1",0
"TAGGCATCAAGCCTAT-1",0
"TAGGCATCAGACGCAA-1",2.18382640423796
"TAGGCATGTACGAAAT-1",0
"TAGGCATGTCCAGTTA-1",1.87561978493154
"TAGGCATGTTCCACTC-1",2.59949510326887
"TAGGCATTCCCTAACC-1",1.7399468934154
"TAGGCATTCGCTAGCG-1",1.40371918852262
"TAGGCATTCGTAGATC-1",1.52655736826815
"TAGGCATTCTTCATGT-1",1.87281826504998
"TAGTGGTAGATCACGG-1",0
"TAGTGGTAGCTGTTCA-1",0
"TAGTGGTCAGTATAAG-1",1.96659215144957
"TAGTGGTGTAGCGTAG-1",1.76197472089661
"TAGTGGTTCAGCATGT-1",0
"TAGTGGTTCGGCGCAT-1",1.96237499240504
"TAGTGGTTCTCAAGTG-1",0
"TAGTGGTTCTGGGCCA-1",0
"TAGTGGTTCTTTAGTC-1",1.80098540064175
"TAGTTGGAGATAGGAG-1",0
"TAGTTGGCAGACGCAA-1",1.52655736826815
"TAGTTGGCATGCGCAC-1",1.40395083198397
"TAGTTGGGTATGGTTC-1",2.72092133879211
"TAGTTGGTCCGAATGT-1",6.58440030306419
"TAGTTGGTCTACTCAT-1",3.19619837209934
"TAGTTGGTCTCTAAGG-1",0
"TAGTTGGTCTGATACG-1",0
"TATCAGGAGAGTAAGG-1",0
"TATCAGGAGATCCGAG-1",1.8964969142605
"TATCAGGAGCAGATCG-1",0
"TATCAGGAGGTGCTTT-1",0
"TATCAGGCAACTTGAC-1",1.50602481706067
"TATCAGGCACGTTGGC-1",0
"TATCAGGGTCCGTTAA-1",0
"TATCAGGGTCTGCAAT-1",3.39332365160466
"TATCAGGGTTAAAGAC-1",0
"TATCAGGTCAAGATCC-1",1.82764235530237
"TATCAGGTCCACTCCA-1",0
"TATCAGGTCGTAGGTT-1",0
"TATCTCAAGAGTTGGC-1",0
"TATCTCAAGCCACCTG-1",0
"TATCTCAAGCGTAATA-1",1.93047041241648
"TATCTCAAGGCTAGCA-1",3.91981028823499
"TATCTCAAGTGGGCTA-1",3.0246058625753
"TATCTCACATGTCCTC-1",0
"TATCTCAGTAACGACG-1",3.99379252711173
"TATCTCAGTACCTACA-1",0
"TATCTCAGTACGACCC-1",4.1095201138172
"TATCTCAGTCAATGTC-1",0
"TATCTCATCAAGCCTA-1",0
"TATGCCCAGAAACCGC-1",1.50547893870156
"TATGCCCAGGTAGCTG-1",3.430592942575
"TATGCCCCAATGGAAT-1",1.78884874323438
"TATGCCCCACTTAACG-1",3.19619837209934
"TATGCCCCATGTTCCC-1",1.51704163256299
"TATGCCCGTAGCCTCG-1",0
"TATGCCCGTATAGGGC-1",5.04543973426827
"TATGCCCGTATGAAAC-1",0
"TATGCCCGTCGCCATG-1",0
"TATGCCCGTGCCTTGG-1",0
"TATGCCCGTTAAGATG-1",0
"TATGCCCGTTGGTGGA-1",1.81419047444502
"TATGCCCGTTTAGGAA-1",0
"TATTACCAGAGAGCTC-1",3.32722537219632
"TATTACCAGCAAATCA-1",4.51553638081919
"TATTACCAGCCCGAAA-1",1.6848688061171
"TATTACCAGTATCTCG-1",0
"TATTACCCAAAGTGCG-1",0
"TATTACCCAGACAAGC-1",0
"TATTACCCAGTCAGCC-1",0
"TATTACCCATAAAGGT-1",3.60665922698555
"TATTACCCATCTACGA-1",1.69025567164657
"TATTACCGTCCAGTAT-1",0
"TCAACGAAGCCGATTT-1",0
"TCAACGAAGCGATGAC-1",5.33138769861341
"TCAACGAAGGCATGTG-1",1.78553667378979
"TCAACGAAGTAGTGCG-1",2.72092133879211
"TCAACGACACCAGGCT-1",0
"TCAACGACATGCCTTC-1",0
"TCAACGAGTTACCAGT-1",0
"TCAACGAGTTCCATGA-1",1.6848688061171
"TCAACGAGTTCTGGTA-1",1.6848688061171
"TCAACGATCAGTCCCT-1",0
"TCAACGATCTGTGCAA-1",1.56668709405614
"TCAATCTAGATCCCGC-1",0
"TCAATCTCACAAGCCC-1",0
"TCAATCTCACAGCCCA-1",3.430592942575
"TCAATCTCATGACGGA-1",1.82764235530237
"TCAATCTCATTTGCTT-1",1.77814034080982
"TCAATCTGTAGTGAAT-1",0
"TCAATCTGTTAGATGA-1",3.46204455177214
"TCAATCTTCAGATAAG-1",0
"TCAATCTTCATGTCCC-1",3.19619837209934
"TCACAAGAGACTGGGT-1",4.51553638081919
"TCACAAGAGAGAGCTC-1",0
"TCACAAGAGGCCCTCA-1",1.68989523212849
"TCACAAGAGGTGGGTT-1",2.44825363108757
"TCACAAGAGTAGATGT-1",5.04543973426827
"TCACAAGCAGTATGCT-1",1.53564386274411
"TCACAAGCATAACCTG-1",0
"TCACAAGCATGACATC-1",1.50547893870156
"TCACAAGGTCAGATAA-1",1.51704163256299
"TCACAAGGTGTGGTTT-1",2.12109947721045
"TCACAAGTCATCATTC-1",0
"TCACAAGTCATGCATG-1",3.60253032082918
"TCACGAAAGCTCCTTC-1",1.91009641529294
"TCACGAAAGGTGCTTT-1",0
"TCACGAAAGTCTCGGC-1",0
"TCACGAACACAAGACG-1",0
"TCACGAACACTGTCGG-1",1.7000594688291
"TCACGAAGTGGTCCGT-1",0
"TCACGAAGTTGGTGGA-1",3.34167493200978
"TCACGAATCATGCAAC-1",1.86355644233966
"TCACGAATCCCGACTT-1",1.84045709961207
"TCACGAATCCTCGCAT-1",0
"TCACGAATCGTCACGG-1",0
"TCAGATGAGGTGCACA-1",0
"TCAGATGGTCTTGTCC-1",0
"TCAGATGGTGCCTGCA-1",0
"TCAGATGGTGCTGTAT-1",4.57298810521188
"TCAGATGTCAGTTTGG-1",0
"TCAGATGTCGCATGAT-1",2.07308014163831
"TCAGATGTCTCCTATA-1",0
"TCAGCAAAGGAGTCTG-1",0
"TCAGCAAAGGCTCATT-1",0
"TCAGCAAAGTACGACG-1",0
"TCAGCAAAGTGGCACA-1",2.12109947721045
"TCAGCAACACGCATCG-1",0
"TCAGCAAGTACCGGCT-1",0
"TCAGCAATCAGCGATT-1",2.05625384589532
"TCAGCAATCGGAAACG-1",1.70889228297558
"TCAGCAATCTTCAACT-1",1.78884874323438
"TCAGCTCAGGTGTTAA-1",1.77814034080982
"TCAGCTCAGTATGACA-1",1.4249289318177
"TCAGCTCCAATCTGCA-1",0
"TCAGCTCCACGGTTTA-1",0
"TCAGCTCGTAATAGCA-1",0
"TCAGCTCGTCCGTCAG-1",1.5724110491452
"TCAGCTCGTTCACGGC-1",1.87515212172843
"TCAGCTCTCACGATGT-1",4.51553638081919
"TCAGCTCTCATGCATG-1",0
"TCAGCTCTCCTAAGTG-1",3.02496999710842
"TCAGCTCTCTCGTATT-1",7.60638831467449
"TCAGGATAGACAGAGA-1",1.77814034080982
"TCAGGATAGATATGGT-1",0
"TCAGGATCAAACGTGG-1",0
"TCAGGATCAAGTTCTG-1",0
"TCAGGATCACGGTGTC-1",3.99240174800574
"TCAGGATCACTGTGTA-1",0
"TCAGGATCAGCATACT-1",0
"TCAGGATCATCTGGTA-1",3.28076357072611
"TCAGGATGTAAGCACG-1",1.74383018970019
"TCAGGATGTGGCCCTA-1",0
"TCAGGATTCCGATATG-1",0
"TCAGGATTCTCGATGA-1",0
"TCAGGTAAGATGGCGT-1",0
"TCAGGTAAGTGTTTGC-1",0
"TCAGGTACACAAGTAA-1",0
"TCAGGTACACAGAGGT-1",0
"TCAGGTACAGCTGCTG-1",1.52655736826815
"TCAGGTAGTAAACGCG-1",0
"TCATTACAGAAACCAT-1",0
"TCATTACAGGAGTTGC-1",5.49854613097341
"TCATTACAGTTGCAGG-1",1.87515212172843
"TCATTACCACATCCAA-1",3.34167493200978
"TCATTACCAGTCAGCC-1",0
"TCATTACGTACGCACC-1",3.94966317024934
"TCATTACGTCTAGAGG-1",0
"TCATTACGTGAAGGCT-1",0
"TCATTACGTTCTGTTT-1",0
"TCATTACTCATCGATG-1",0
"TCATTTGAGCCAGTTT-1",0
"TCATTTGCACGTCTCT-1",5.74379080411015
"TCATTTGCAGTTAACC-1",0
"TCATTTGTCCAGAGGA-1",0
"TCATTTGTCCCTTGCA-1",1.52655736826815
"TCATTTGTCCGTCAAA-1",0
"TCATTTGTCGCTAGCG-1",0
"TCATTTGTCGTACGGC-1",3.99240174800574
"TCATTTGTCTCTGCTG-1",0
"TCCACACCAAAGAATC-1",2.07308014163831
"TCCACACCACGCCAGT-1",0
"TCCACACGTACAGCAG-1",0
"TCCACACGTAGCCTAT-1",2.72092133879211
"TCCACACGTCATCGGC-1",0
"TCCACACGTGACCAAG-1",0
"TCCACACGTGCGAAAC-1",0
"TCCACACTCAACACCA-1",0
"TCCACACTCCAGTATG-1",0
"TCCACACTCCCATTTA-1",1.94728283286729
"TCCACACTCGAACTGT-1",1.78059725485862
"TCCCGATAGAAGAAGC-1",0
"TCCCGATAGCACAGGT-1",1.7399468934154
"TCCCGATAGCCGGTAA-1",0
"TCCCGATCAAGGTTCT-1",2.05625384589532
"TCCCGATCAGCCAATT-1",1.6802341060118
"TCCCGATCATCCAACA-1",2.77412817725561
"TCCCGATGTAAGGATT-1",0
"TCCCGATGTCAATACC-1",0
"TCCCGATTCAGAAATG-1",3.60665922698555
"TCCCGATTCAGTCCCT-1",0
"TCCCGATTCATCTGTT-1",1.48586893971067
"TCCCGATTCCCTAATT-1",1.53793562934172
"TCCCGATTCTGGAGCC-1",0
"TCGAGGCAGCGATGAC-1",0
"TCGAGGCAGTGTTTGC-1",3.13425279360337
"TCGAGGCCAAAGAATC-1",0
"TCGAGGCCAAGTTCTG-1",2.07308014163831
"TCGAGGCCAGTAACGG-1",0
"TCGAGGCGTATATCCG-1",1.90472393454897
"TCGAGGCTCGCAAGCC-1",0
"TCGAGGCTCTTGAGAC-1",1.78182890102545
"TCGAGGCTCTTTCCTC-1",1.40371918852262
"TCGCGAGAGACAAAGG-1",0
"TCGCGAGAGTGAATTG-1",1.93047041241648
"TCGCGAGCAAGCGTAG-1",0
"TCGCGAGCACCGAATT-1",0
"TCGCGAGCAGTAAGAT-1",7.39589711788618
"TCGCGAGTCCACGAAT-1",1.53793562934172
"TCGCGAGTCTAGCACA-1",0
"TCGCGAGTCTCTAGGA-1",1.72576302731971
"TCGCGAGTCTTCATGT-1",1.87515212172843
"TCGCGTTAGTGGGCTA-1",1.40371918852262
"TCGCGTTCACAGGCCT-1",1.96659215144957
"TCGCGTTCATCACAAC-1",0
"TCGCGTTCATCTCGCT-1",0
"TCGCGTTGTTCACCTC-1",3.13425279360337
"TCGCGTTTCAAGATCC-1",0
"TCGCGTTTCAGGTAAA-1",1.82764235530237
"TCGCGTTTCATTCACT-1",0
"TCGCGTTTCCTGTACC-1",1.64189179728152
"TCGCGTTTCGCCCTTA-1",0
"TCGGGACCACACATGT-1",1.94728283286729
"TCGGGACTCCTTGCCA-1",1.78059725485862
"TCGGGACTCTGCGGCA-1",0
"TCGGGACTCTTGTCAT-1",0
"TCGGTAAAGACAGGCT-1",3.60253032082918
"TCGGTAAAGCTCAACT-1",0
"TCGGTAACAAGCTGAG-1",1.60211828392297
"TCGGTAACAGGAATGC-1",1.71821436207196
"TCGGTAAGTATATGGA-1",0
"TCGGTAAGTCTAGTCA-1",1.6802341060118
"TCGGTAATCCCGGATG-1",4.51553638081919
"TCGTACCAGCAGGCTA-1",1.74383018970019
"TCGTACCAGTTTCCTT-1",0
"TCGTACCGTTTGCATG-1",0
"TCGTACCTCGGGAGTA-1",0
"TCGTAGAAGCTAACTC-1",0
"TCGTAGAAGGCGACAT-1",1.50547893870156
"TCGTAGAAGGGAACGG-1",0
"TCGTAGAAGTCCATAC-1",0
"TCGTAGACAATCCAAC-1",4.30940131255208
"TCGTAGACACTCAGGC-1",1.58339518249613
"TCGTAGAGTATGAATG-1",1.8964969142605
"TCGTAGAGTGAGCGAT-1",0
"TCGTAGAGTGTGTGCC-1",1.4249289318177
"TCGTAGAGTTCAACCA-1",1.70889228297558
"TCGTAGAGTTCCATGA-1",0
"TCGTAGATCCAAGCCG-1",3.27408134968318
"TCGTAGATCTTAGCCC-1",0
"TCTATTGAGCGATTCT-1",1.78059725485862
"TCTATTGAGTGCCATT-1",0
"TCTATTGCACATCTTT-1",0
"TCTATTGGTAAGTGTA-1",0
"TCTATTGGTCCAACTA-1",1.40371918852262
"TCTATTGGTCTGCCAG-1",3.60253032082918
"TCTATTGGTTGCTCCT-1",0
"TCTATTGTCGGCGCTA-1",2.44825363108757
"TCTCATAAGCTAAACA-1",0
"TCTCATAAGCTAGTCT-1",3.39332365160466
"TCTCATAAGTGCCATT-1",1.82764235530237
"TCTCATAGTACCGGCT-1",1.6848688061171
"TCTCATAGTGTAAGTA-1",0
"TCTCATATCAAGCCTA-1",1.81118739678147
"TCTCATATCACCTTAT-1",1.70815189712004
"TCTCATATCCTGTACC-1",1.4249289318177
"TCTCTAAAGACCGGAT-1",0
"TCTCTAAAGGGTGTTG-1",2.79002107527474
"TCTCTAACAGCCTATA-1",0
"TCTCTAAGTCCAGTAT-1",0
"TCTCTAAGTCCATGAT-1",1.4249289318177
"TCTCTAAGTCTCATCC-1",6.26439145643846
"TCTCTAAGTGGAAAGA-1",2.50884347050043
"TCTCTAATCAAACCAC-1",0
"TCTCTAATCACAGGCC-1",1.87515212172843
"TCTCTAATCACATACG-1",0
"TCTCTAATCCGTAGGC-1",5.04543973426827
"TCTCTAATCGTATCAG-1",0
"TCTGAGACAAACCTAC-1",0
"TCTGAGACAGAGTGTG-1",1.9179810120487
"TCTGAGAGTAAGGGAA-1",3.60253032082918
"TCTGAGATCCTTGACC-1",1.72576302731971
"TCTGAGATCTATCCTA-1",0
"TCTGGAAAGCGATGAC-1",3.29402581673282
"TCTGGAAAGCTCTCGG-1",0
"TCTGGAAAGGAGCGAG-1",0
"TCTGGAACACAAGACG-1",3.0246058625753
"TCTGGAACACACTGCG-1",0
"TCTGGAACACTTCTGC-1",1.44516265397505
"TCTGGAAGTGAGTATA-1",1.600853486456
"TCTTCGGAGGTTCCTA-1",0
"TCTTCGGAGTTCGATC-1",1.82764235530237
"TCTTCGGCAAAGCAAT-1",1.78182890102545
"TCTTCGGCAAAGGTGC-1",0
"TCTTCGGCAATAGCAA-1",1.40371918852262
"TCTTCGGCAATGTAAG-1",3.02496999710842
"TCTTCGGCACACCGAC-1",0
"TCTTCGGCAGCCAATT-1",3.7258511661313
"TCTTCGGGTCATTAGC-1",3.63832847716227
"TCTTCGGTCGTAGGTT-1",1.82764235530237
"TCTTCGGTCTCTAAGG-1",1.89169991741654
"TCTTTCCAGAGAGCTC-1",1.70815189712004
"TCTTTCCAGTCATCCA-1",0
"TCTTTCCCATCTCCCA-1",0
"TCTTTCCGTAATCACC-1",0
"TCTTTCCGTAGTACCT-1",0
"TCTTTCCTCACAACGT-1",1.48586893971067
"TCTTTCCTCAGCTGGC-1",0
"TCTTTCCTCCAAGTAC-1",0
"TCTTTCCTCCTCGCAT-1",0
"TGAAAGAAGCTAAGAT-1",0
"TGAAAGACAAGCCGTC-1",0
"TGAAAGACACATTCGA-1",0
"TGAAAGACATGAGCGA-1",0
"TGAAAGAGTCTAGCGC-1",4.51553638081919
"TGAAAGAGTCTCATCC-1",0
"TGAAAGATCCCGACTT-1",1.94728283286729
"TGAAAGATCTATGTGG-1",0
"TGACAACCAAGCGAGT-1",1.96659215144957
"TGACAACGTAGGGACT-1",2.72092133879211
"TGACAACGTGCGCTTG-1",0
"TGACAACGTGGTTTCA-1",0
"TGACAACTCACAAACC-1",0
"TGACAACTCCACGTGG-1",0
"TGACAACTCGAATGCT-1",0
"TGACGGCAGCGCCTCA-1",3.13425279360337
"TGACGGCAGGCTCAGA-1",0
"TGACGGCAGTCAAGCG-1",1.94728283286729
"TGACGGCCACAGACTT-1",0
"TGACGGCGTCATCCCT-1",1.78182890102545
"TGACGGCTCAGGCGAA-1",1.84045709961207
"TGACGGCTCCACTGGG-1",0
"TGACTAGAGACCCACC-1",1.5724110491452
"TGACTAGAGGGCATGT-1",1.65477614282002
"TGACTAGAGTCTCAAC-1",0
"TGACTAGAGTTGAGAT-1",4.30940131255208
"TGACTAGCAGCATACT-1",0
"TGACTAGCAGTCAGAG-1",0
"TGACTAGCATTTCACT-1",1.55362088041835
"TGACTAGGTAAATACG-1",0
"TGACTAGGTGAAAGAG-1",0
"TGACTAGGTGCAGTAG-1",0
"TGACTAGTCATGCATG-1",0
"TGACTAGTCCATGCTC-1",0
"TGACTAGTCTGTTGAG-1",1.64189179728152
"TGACTTTAGAACAATC-1",0
"TGACTTTAGTCTCGGC-1",0
"TGACTTTAGTTAGGTA-1",10.2569909696395
"TGACTTTCAGTCCTTC-1",0
"TGACTTTCATTATCTC-1",0
"TGACTTTGTCACACGC-1",1.40395083198397
"TGACTTTTCCTCAATT-1",0
"TGACTTTTCTGCCCTA-1",0
"TGAGAGGAGGCTCATT-1",1.82764235530237
"TGAGAGGCAAAGTCAA-1",1.77814034080982
"TGAGAGGCAAGCCATT-1",0
"TGAGAGGCACCATGTA-1",6.26439145643846
"TGAGAGGGTCACTGGC-1",1.69025567164657
"TGAGAGGGTCTAAACC-1",0
"TGAGAGGTCGAACTGT-1",0
"TGAGAGGTCGCGTTTC-1",0
"TGAGAGGTCTGACCTC-1",0
"TGAGCATAGAAACGAG-1",0
"TGAGCATAGAAGCCCA-1",1.60211828392297
"TGAGCATAGATGTCGG-1",3.99240174800574
"TGAGCATAGGAATGGA-1",0
"TGAGCATCACCAGGCT-1",0
"TGAGCATCAGATGAGC-1",1.57788018942104
"TGAGCATCAGCGTAAG-1",0
"TGAGCATCAGCTGTAT-1",0
"TGAGCATGTGGCCCTA-1",1.53793562934172
"TGAGCATTCCACGTTC-1",0
"TGAGCATTCCGATATG-1",0
"TGAGCATTCGGCCGAT-1",0
"TGAGCCGCATCGGGTC-1",0
"TGAGCCGGTCGAACAG-1",0
"TGAGCCGGTGTAATGA-1",4.02965309473629
"TGAGCCGGTTGATTCG-1",0
"TGAGCCGTCATCTGCC-1",0
"TGAGCCGTCGTCACGG-1",3.80609019734802
"TGAGCCGTCTTGAGGT-1",0
"TGAGGGAAGAGACTAT-1",0
"TGAGGGAAGGAGTACC-1",4.90953240262438
"TGAGGGAAGTCATCCA-1",1.87515212172843
"TGAGGGAAGTCATGCT-1",3.48469361582847
"TGAGGGACACCAGTTA-1",0
"TGAGGGACATAAGACA-1",0
"TGAGGGAGTAAACGCG-1",0
"TGAGGGAGTTAGGGTG-1",1.78884874323438
"TGAGGGATCAACGGGA-1",0
"TGAGGGATCTAGCACA-1",4.30940131255208
"TGAGGGATCTCTTATG-1",0
"TGATTTCCATCCGGGT-1",1.88456240551596
"TGATTTCGTAGGCATG-1",0
"TGATTTCGTTAAGACA-1",0
"TGATTTCTCTGATTCT-1",0
"TGCACCTAGACCTTTG-1",1.51704163256299
"TGCACCTAGGACGAAA-1",0
"TGCACCTCAAGTTGTC-1",0
"TGCACCTCAATAGAGT-1",1.62563259835408
"TGCACCTCATCCGGGT-1",0
"TGCACCTGTAATCACC-1",0
"TGCACCTGTCACACGC-1",3.13425279360337
"TGCACCTTCACGGTTA-1",0
"TGCACCTTCATCGGAT-1",1.5724110491452
"TGCACCTTCCGCGGTA-1",1.87515212172843
"TGCACCTTCGAACTGT-1",0
"TGCACCTTCTCTTGAT-1",0
"TGCCAAACAATGTAAG-1",0
"TGCCAAACAATTCCTT-1",1.50547893870156
"TGCCAAAGTTCGCGAC-1",0
"TGCCAAATCCAAACTG-1",0
"TGCCAAATCCCTGACT-1",2.07308014163831
"TGCCAAATCGGCGGTT-1",0
"TGCCCATAGACTAGGC-1",0
"TGCCCATAGCGTCAAG-1",6.26439145643846
"TGCCCATAGCGTGAAC-1",0
"TGCCCATAGCTGTTCA-1",0
"TGCCCATAGGATGGAA-1",1.78059725485862
"TGCCCATAGTACGCCC-1",3.27408134968318
"TGCCCATAGTTGAGTA-1",0
"TGCCCATCACCAGGTC-1",12.0976710115735
"TGCCCATCACGAAATA-1",1.70889228297558
"TGCCCATCAGGACGTA-1",0
"TGCCCATCATGGAATA-1",1.83734307652052
"TGCCCATCATGGATGG-1",1.40395083198397
"TGCCCATGTAGCCTCG-1",7.24022013409698
"TGCCCATTCAAACCGT-1",0
"TGCCCATTCAGGCCCA-1",1.69025567164657
"TGCCCATTCCTTCAAT-1",6.24678701997973
"TGCCCATTCGGAAATA-1",0
"TGCCCTAAGGTCGGAT-1",0
"TGCCCTAAGGTTCCTA-1",0
"TGCCCTACACCACCAG-1",3.7258511661313
"TGCCCTACAGCCACCA-1",1.84045709961207
"TGCCCTACAGTGAGTG-1",0
"TGCCCTAGTCCGAGTC-1",0
"TGCCCTAGTGGTTTCA-1",0
"TGCCCTAGTTTCGCTC-1",1.6848688061171
"TGCCCTATCGACGGAA-1",0
"TGCCCTATCTTCGGTC-1",0
"TGCGCAGAGACTAGGC-1",0
"TGCGCAGAGCACACAG-1",1.84582669049833
"TGCGCAGAGCGTCTAT-1",5.49854613097341
"TGCGCAGAGGAGCGAG-1",0
"TGCGCAGCAAACGTGG-1",0
"TGCGCAGCAGCTCGCA-1",0
"TGCGCAGCAGTAGAGC-1",0
"TGCGCAGTCCTACAGA-1",1.78553667378979
"TGCGGGTAGAGACTTA-1",4.52073490978118
"TGCGGGTAGATCGATA-1",0
"TGCGGGTAGCTCTCGG-1",1.78059725485862
"TGCGGGTAGGTGTGGT-1",1.56668709405614
"TGCGGGTAGTACTTGC-1",9.66968352502895
"TGCGGGTCAATGGAAT-1",0
"TGCGGGTCACACGCTG-1",5.04543973426827
"TGCGGGTCATTGGGCC-1",0
"TGCGGGTGTAGAAAGG-1",0
"TGCGGGTGTCACCTAA-1",1.96659215144957
"TGCGGGTGTCAGATAA-1",0
"TGCGGGTGTTAGAACA-1",1.82764235530237
"TGCGGGTTCAGTTCGA-1",1.93047041241648
"TGCGGGTTCGTAGATC-1",0
"TGCGGGTTCTCTTGAT-1",7.24022013409698
"TGCGTGGAGACGCAAC-1",0
"TGCGTGGAGACTGGGT-1",0
"TGCGTGGCAATTCCTT-1",3.48469361582847
"TGCGTGGGTGCACCAC-1",0
"TGCGTGGTCCGCGCAA-1",0
"TGCGTGGTCGCCCTTA-1",0
"TGCGTGGTCTGGCGAC-1",1.87702456431488
"TGCTACCAGAAAGTGG-1",0
"TGCTACCAGATGGCGT-1",1.53793562934172
"TGCTACCAGCAAATCA-1",3.63832847716227
"TGCTACCAGTCCGTAT-1",0
"TGCTACCCAAGAGGCT-1",1.96659215144957
"TGCTACCCACTTAACG-1",6.39985749403848
"TGCTACCCATCGTCGG-1",0
"TGCTACCCATGGTTGT-1",0
"TGCTACCGTGTGACGA-1",2.44825363108757
"TGCTACCTCCTCGCAT-1",4.51553638081919
"TGCTACCTCTTCTGGC-1",0
"TGCTGCTAGACTAAGT-1",0
"TGCTGCTAGGTGATAT-1",0
"TGCTGCTCAATAGAGT-1",1.96659215144957
"TGCTGCTCACAGACAG-1",0
"TGCTGCTCATCCCATC-1",1.87515212172843
"TGCTGCTCATGGTTGT-1",0
"TGCTGCTGTCATACTG-1",0
"TGCTGCTGTGAAGGCT-1",0
"TGCTGCTTCATTGCGA-1",1.78182890102545
"TGGACGCAGAGGTACC-1",12.0976710115735
"TGGACGCAGTCAAGGC-1",0
"TGGACGCCACAGAGGT-1",1.7000594688291
"TGGACGCCATGGTAGG-1",1.6848688061171
"TGGACGCGTCCGAACC-1",0
"TGGACGCGTCTCCCTA-1",0
"TGGCCAGAGAAGGTGA-1",3.13425279360337
"TGGCCAGAGAGTACAT-1",0
"TGGCCAGAGGCGATAC-1",0
"TGGCCAGAGGCGTACA-1",0
"TGGCCAGCAACTGCGC-1",0
"TGGCCAGCACGACTCG-1",1.77528463202455
"TGGCCAGGTCAATACC-1",0
"TGGCCAGTCGTAGATC-1",0
"TGGCCAGTCTATCCCG-1",4.16945996151198
"TGGCGCAAGCTACCTA-1",0
"TGGCGCAAGCTATGCT-1",0
"TGGCGCAAGTGTGGCA-1",1.51704163256299
"TGGCGCAAGTTACCCA-1",0
"TGGCGCACACAGGCCT-1",0
"TGGCGCACACGGATAG-1",1.77814034080982
"TGGCGCACAGCGATCC-1",6.69997980781975
"TGGCGCACATAGGATA-1",0
"TGGCGCAGTACTCTCC-1",1.50547893870156
"TGGCGCAGTGGACGAT-1",0
"TGGCGCAGTTATGTGC-1",0
"TGGCGCATCAAGAAGT-1",0
"TGGCGCATCATGCTCC-1",7.47623045475616
"TGGCGCATCATGTGGT-1",0
"TGGCGCATCATTATCC-1",3.63832847716227
"TGGCGCATCGTGGTCG-1",1.78059725485862
"TGGCTGGAGCGGATCA-1",3.46204455177214
"TGGCTGGAGTGCAAGC-1",1.5724110491452
"TGGCTGGCAAGTTAAG-1",1.39818618843915
"TGGCTGGCACGGATAG-1",1.94728283286729
"TGGCTGGCAGGAACGT-1",3.65820333944386
"TGGCTGGGTCGAGTTT-1",0
"TGGCTGGGTCGGCATC-1",0
"TGGCTGGGTCTAGCCG-1",1.78553667378979
"TGGCTGGGTTACGCGC-1",0
"TGGCTGGGTTGGACCC-1",0
"TGGCTGGTCTCGTTTA-1",0
"TGGGAAGAGATATACG-1",10.2569909696395
"TGGGAAGAGCCCAATT-1",3.63832847716227
"TGGGAAGAGCGCTCCA-1",1.81419047444502
"TGGGAAGAGGGCTTCC-1",1.87281826504998
"TGGGAAGAGTAAGTAC-1",0
"TGGGAAGAGTTAACGA-1",0
"TGGGAAGCAAGGTGTG-1",6.07846704391344
"TGGGAAGCAGATCCAT-1",0
"TGGGAAGCAGCGAACA-1",1.7399468934154
"TGGGAAGGTAAGTTCC-1",0
"TGGGAAGGTTAGATGA-1",0
"TGGGAAGGTTATTCTC-1",1.50547893870156
"TGGGAAGTCCCAAGAT-1",1.72576302731971
"TGGGAAGTCCTTCAAT-1",0
"TGGGAAGTCGTGGACC-1",3.94966317024934
"TGGGAAGTCTCCTATA-1",0
"TGGGCGTAGTCTCCTC-1",0
"TGGGCGTCAGACGTAG-1",1.96659215144957
"TGGGCGTCAGGGATTG-1",0
"TGGGCGTGTCCAAGTT-1",1.90472393454897
"TGGGCGTGTCTAGAGG-1",1.65477614282002
"TGGGCGTGTGGCTCCA-1",0
"TGGGCGTGTTTCGCTC-1",0
"TGGGCGTTCAGCTTAG-1",0
"TGGTTAGAGCTACCTA-1",0
"TGGTTAGAGTTAGGTA-1",1.93047041241648
"TGGTTAGGTGATGATA-1",7.9593251913372
"TGGTTAGGTTCACGGC-1",0
"TGGTTAGTCCCGACTT-1",0
"TGGTTAGTCTTGTATC-1",0
"TGGTTCCAGCCGTCGT-1",1.7000594688291
"TGGTTCCAGTAATCCC-1",1.68989523212849
"TGGTTCCCAAGTTGTC-1",0
"TGGTTCCCAGACAAAT-1",0
"TGGTTCCCAGACAGGT-1",0
"TGGTTCCCAGCTCGAC-1",0
"TGGTTCCCATGTCCTC-1",0
"TGGTTCCCATTTCACT-1",1.65477614282002
"TGGTTCCGTCCAAGTT-1",1.52655736826815
"TGGTTCCTCACATACG-1",0
"TGGTTCCTCAGCTTAG-1",3.90759974047396
"TGGTTCCTCTAACTTC-1",2.34891345338384
"TGGTTCCTCTAGAGTC-1",3.94966317024934
"TGGTTCCTCTGGGCCA-1",0
"TGTATTCAGCCCGAAA-1",1.89169991741654
"TGTATTCAGCGATCCC-1",0
"TGTATTCCAGGGCATA-1",0
"TGTATTCGTAAGAGAG-1",1.91009641529294
"TGTATTCGTTTGTTTC-1",1.81118739678147
"TGTATTCTCAGCATGT-1",3.13425279360337
"TGTATTCTCATCTGTT-1",0
"TGTCCCAAGCAGATCG-1",0
"TGTCCCAAGCTAGTTC-1",0
"TGTCCCAAGCTGAACG-1",0
"TGTCCCAAGTTGTCGT-1",0
"TGTCCCACAGTAAGCG-1",1.58339518249613
"TGTCCCACATCACGTA-1",1.64189179728152
"TGTCCCAGTAAGAGGA-1",1.40371918852262
"TGTCCCAGTAAGTGGC-1",1.96659215144957
"TGTCCCAGTCGGATCC-1",0
"TGTCCCATCATTTGGG-1",0
"TGTCCCATCTGCAAGT-1",1.52655736826815
"TGTCCCATCTGCGTAA-1",0
"TGTGGTAGTCCCGACA-1",3.48469361582847
"TGTGGTAGTGTGAAAT-1",0
"TGTGGTAGTGTGACGA-1",4.02965309473629
"TGTGGTATCCAGGGCT-1",0
"TGTGGTATCTTGCATT-1",0
"TGTGTTTAGAGGTTAT-1",0
"TGTGTTTAGCGTGAGT-1",1.6848688061171
"TGTGTTTAGTGCGTGA-1",0
"TGTGTTTCATGCGCAC-1",1.88645899306714
"TGTGTTTTCTCATTCA-1",0
"TGTGTTTTCTTTCCTC-1",3.63832847716227
"TGTTCCGAGAGCAATT-1",8.17899690718114
"TGTTCCGAGCAACGGT-1",0
"TGTTCCGAGGAATTAC-1",4.90953240262438
"TGTTCCGAGGACTGGT-1",0
"TGTTCCGCAGTGAGTG-1",1.6848688061171
"TGTTCCGGTGAGTATA-1",1.77814034080982
"TGTTCCGTCAAGCCTA-1",3.7258511661313
"TGTTCCGTCAGTTCGA-1",0
"TGTTCCGTCGGCGGTT-1",0
"TGTTCCGTCTGAAAGA-1",0
"TGTTCCGTCTGGTATG-1",1.90472393454897
"TTAACTCAGTGTACGG-1",2.7234333711228
"TTAACTCCAAGCGCTC-1",0
"TTAACTCCAGGCAGTA-1",0
"TTAACTCGTTCCACAA-1",1.62596052042962
"TTAACTCTCATAAAGG-1",0
"TTAACTCTCCCTCAGT-1",0
"TTAGGACAGCAGGCTA-1",0
"TTAGGACAGCTCTCGG-1",0
"TTAGGACCAAGCCATT-1",0
"TTAGGACCAGTCAGAG-1",0
"TTAGGACGTTTGTTTC-1",0
"TTAGGCAAGAAGATTC-1",0
"TTAGGCAAGAGCCCAA-1",0
"TTAGGCAAGAGTGACC-1",0
"TTAGGCAAGGTTCCTA-1",0
"TTAGGCAAGTCGTTTG-1",0
"TTAGGCAAGTGTACCT-1",0
"TTAGGCACAGACGCTC-1",4.30940131255208
"TTAGGCACATGTTCCC-1",12.0976710115735
"TTAGGCAGTAAGGATT-1",1.81419047444502
"TTAGGCAGTAAGTAGT-1",0
"TTAGGCAGTCTTGATG-1",0
"TTAGGCATCACGCATA-1",2.59949510326887
"TTAGGCATCAGTCAGT-1",0
"TTAGGCATCCAGTATG-1",4.30940131255208
"TTAGGCATCGTTACGA-1",1.96237499240504
"TTAGTTCAGGTGCAAC-1",1.84582669049833
"TTAGTTCCAATGTAAG-1",1.60211828392297
"TTAGTTCCATCCTTGC-1",1.40371918852262
"TTAGTTCGTAGCCTAT-1",0
"TTAGTTCGTGCAGACA-1",0
"TTAGTTCGTGTCAATC-1",0
"TTAGTTCGTTGCCTCT-1",2.74453102969427
"TTAGTTCTCAGGCCCA-1",0
"TTAGTTCTCGCAGGCT-1",0
"TTAGTTCTCTACTATC-1",4.57298810521188
"TTATGCTAGAATGTGT-1",6.39985749403848
"TTATGCTAGCACACAG-1",0
"TTATGCTAGCAGCCTC-1",0
"TTATGCTAGTCCCACG-1",3.13425279360337
"TTATGCTCAGCCAGAA-1",1.65477614282002
"TTATGCTCATACCATG-1",1.56668709405614
"TTATGCTCATGTAGTC-1",0
"TTATGCTGTCCGAGTC-1",0
"TTATGCTTCGATAGAA-1",1.78884874323438
"TTCCCAGAGAATTCCC-1",0
"TTCCCAGAGACTAGAT-1",0
"TTCCCAGAGTATCGAA-1",0
"TTCCCAGCAGATGGGT-1",1.77528463202455
"TTCCCAGCATCAGTAC-1",0
"TTCCCAGCATCTCCCA-1",0
"TTCCCAGCATTACCTT-1",3.29402581673282
"TTCCCAGTCAACACTG-1",0
"TTCCCAGTCGAGAGCA-1",2.44825363108757
"TTCGAAGAGTCTCAAC-1",1.70482991525529
"TTCGAAGCAAGCGCTC-1",1.74383018970019
"TTCGAAGCACATTAGC-1",1.77814034080982
"TTCGAAGCACGGTGTC-1",9.66968352502895
"TTCGGTCAGAGGACGG-1",1.78182890102545
"TTCGGTCAGCACACAG-1",2.72092133879211
"TTCGGTCAGGCCCTCA-1",3.39332365160466
"TTCGGTCAGTGAATTG-1",1.77814034080982
"TTCGGTCAGTTGAGAT-1",0
"TTCGGTCCAAGGGTCA-1",6.49718517957146
"TTCGGTCCACGTCAGC-1",1.88456240551596
"TTCGGTCGTAACGTTC-1",0
"TTCGGTCGTAGAGTGC-1",0
"TTCGGTCGTTCATGGT-1",0
"TTCGGTCGTTCTGTTT-1",0
"TTCGGTCTCAAAGACA-1",0
"TTCGGTCTCCAGTATG-1",0
"TTCGGTCTCGCGTTTC-1",0
"TTCGGTCTCGTCTGAA-1",0
"TTCTACAAGACTAAGT-1",0
"TTCTACAAGCAGCCTC-1",1.96659215144957
"TTCTACAAGCCTTGAT-1",1.78553667378979
"TTCTACAAGGCAGGTT-1",0
"TTCTACAAGGTAAACT-1",1.87515212172843
"TTCTACAAGTTAGGTA-1",1.44516265397505
"TTCTACACACGTGAGA-1",4.16945996151198
"TTCTACACAGCTGTTA-1",0
"TTCTACACATCGATTG-1",0
"TTCTACACATTACGAC-1",3.27408134968318
"TTCTACAGTACCGTTA-1",0
"TTCTACAGTATATGAG-1",1.50602481706067
"TTCTACAGTGGCTCCA-1",0
"TTCTACATCAACGGGA-1",3.430592942575
"TTCTACATCCGCGTTT-1",0
"TTCTCAAAGAAAGTGG-1",1.4249289318177
"TTCTCAAAGAATCTCC-1",0
"TTCTCAAAGAGGTTAT-1",0
"TTCTCAAAGCAGCCTC-1",1.87702456431488
"TTCTCAAAGCCGCCTA-1",3.63832847716227
"TTCTCAAAGTCAATAG-1",0
"TTCTCAAAGTTGAGAT-1",0
"TTCTCAACACCCAGTG-1",1.7399468934154
"TTCTCAACATTGTGCA-1",2.47227658554976
"TTCTCAAGTATAAACG-1",0
"TTCTCAAGTCCCTTGT-1",1.78884874323438
"TTCTCAAGTCGAGATG-1",1.88456240551596
"TTCTCAATCATCGCTC-1",1.51704163256299
"TTCTCAATCCCTAACC-1",3.7258511661313
"TTCTCAATCGTAGGAG-1",1.88645899306714
"TTCTCCTAGAGTAAGG-1",0
"TTCTCCTAGCGACGTA-1",3.99240174800574
"TTCTCCTAGCGTGAGT-1",1.44516265397505
"TTCTCCTAGTCTCGGC-1",0
"TTCTCCTCAACACGCC-1",0
"TTCTCCTCAATAACGA-1",2.57089246295127
"TTCTCCTGTTAAGAAC-1",1.70889228297558
"TTCTCCTTCAGTTCGA-1",5.04543973426827
"TTCTCCTTCCGTAGGC-1",0
"TTCTCCTTCCTTTCTC-1",0
"TTCTCCTTCTGCAAGT-1",0
"TTCTCCTTCTTCAACT-1",1.8964969142605
"TTCTCCTTCTTGTACT-1",0
"TTCTTAGAGGACTGGT-1",0
"TTCTTAGCAAGGTGTG-1",1.69025567164657
"TTCTTAGCATCGGAAG-1",1.58339518249613
"TTCTTAGGTAGAAGGA-1",3.90759974047396
"TTCTTAGGTCATATGC-1",0
"TTCTTAGTCAGTTCGA-1",3.22718719196522
"TTGAACGGTCACTTCC-1",0
"TTGAACGTCATGTCCC-1",0
"TTGACTTAGCCACGTC-1",0
"TTGACTTAGCGACGTA-1",0
"TTGACTTAGTTAACGA-1",3.430592942575
"TTGACTTCACTTACGA-1",0
"TTGACTTGTCTCTCTG-1",0
"TTGACTTGTGCGATAG-1",0
"TTGACTTTCCAGAGGA-1",0
"TTGACTTTCTGTCCGT-1",0
"TTGCCGTAGGAGCGTT-1",2.05625384589532
"TTGCCGTAGGTGGGTT-1",3.63832847716227
"TTGCCGTCATGGTCAT-1",1.58339518249613
"TTGCGTCAGACAGAGA-1",0
"TTGCGTCAGCTCCTTC-1",3.65820333944386
"TTGCGTCAGTCCATAC-1",0
"TTGCGTCAGTGAATTG-1",1.78182890102545
"TTGCGTCCAAATTGCC-1",1.68989523212849
"TTGCGTCCACTGTGTA-1",1.94728283286729
"TTGCGTCCAGTCACTA-1",4.51553638081919
"TTGCGTCGTCTGATTG-1",0
"TTGGAACAGCCCAATT-1",6.49718517957146
"TTGGAACAGCGTCTAT-1",0
"TTGGAACAGGCGTACA-1",0
"TTGGAACGTATTACCG-1",0
"TTGGAACTCCCATTAT-1",6.81890600352169
"TTGGAACTCCGTAGTA-1",3.34167493200978
"TTGGAACTCGTCCAGG-1",0
"TTGGCAAAGTTAGGTA-1",1.4249289318177
"TTGGCAAGTATAGGTA-1",0
"TTGGCAATCACATGCA-1",1.88456240551596
"TTGGCAATCAGAGCTT-1",0
"TTGGCAATCGCATGAT-1",0
"TTGGCAATCTAGAGTC-1",3.31322026136627
"TTGTAGGAGGTGCTAG-1",0
"TTGTAGGCACACGCTG-1",0
"TTGTAGGGTCTCCCTA-1",0
"TTGTAGGGTGGTAACG-1",5.04543973426827
"TTGTAGGTCGGCGCTA-1",0
"TTGTAGGTCTGCCAGG-1",1.82764235530237
"TTTACTGAGATCACGG-1",1.7000594688291
"TTTACTGCAAAGCAAT-1",0
"TTTACTGCACATGGGA-1",0
"TTTACTGCACCACGTG-1",12.0976710115735
"TTTACTGCATGGGACA-1",0
"TTTACTGCATGTCCTC-1",0
"TTTACTGGTAACGTTC-1",0
"TTTACTGGTGGTGTAG-1",0
"TTTACTGGTTCGCTAA-1",2.05625384589532
"TTTACTGTCTGGAGCC-1",2.47227658554976
"TTTATGCAGACTGTAA-1",8.18744929327968
"TTTATGCAGATGCGAC-1",1.87561978493154
"TTTATGCAGGCAAAGA-1",0
"TTTATGCAGGCCCGTT-1",0
"TTTATGCAGTTCCACA-1",1.6848688061171
"TTTATGCCAAACGCGA-1",0
"TTTATGCCAATCTGCA-1",0
"TTTATGCCACAGGTTT-1",0
"TTTATGCCAGCCAATT-1",2.07308014163831
"TTTATGCCAGGTCGTC-1",2.47227658554976
"TTTATGCCATGGTCAT-1",0
"TTTATGCTCACATAGC-1",1.87281826504998
"TTTATGCTCACCTTAT-1",4.16945996151198
"TTTATGCTCGGCGGTT-1",1.77528463202455
"TTTATGCTCTCGCTTG-1",0
"TTTCCTCAGCGTGAAC-1",0
"TTTCCTCAGGACTGGT-1",1.84942857412342
"TTTCCTCCAAAGTGCG-1",1.88645899306714
"TTTCCTCCAGGAATGC-1",1.90472393454897
"TTTCCTCCATTAGCCA-1",1.51704163256299
"TTTCCTCGTCCGAAGA-1",0
"TTTCCTCGTCGCTTTC-1",0
"TTTCCTCTCGGCCGAT-1",3.45490475373592
"TTTCCTCTCGTGTAGT-1",0
"TTTGCGCAGCTAAACA-1",3.34167493200978
"TTTGCGCAGCTAGTCT-1",0
"TTTGCGCAGGCCGAAT-1",0
"TTTGCGCAGTCAAGGC-1",0
"TTTGCGCCAAGTAGTA-1",0
"TTTGCGCCAGGTGCCT-1",0
"TTTGCGCGTCTAAACC-1",0
"TTTGCGCTCAAAGTAG-1",1.65477614282002
"TTTGCGCTCATGTAGC-1",0
"TTTGGTTAGAATGTGT-1",0
"TTTGGTTAGACAATAC-1",6.49718517957146
"TTTGGTTAGCGATTCT-1",0
"TTTGGTTAGGCTCAGA-1",8.06627776093664
"TTTGGTTAGTTACCCA-1",1.87515212172843
"TTTGGTTCAAACTGCT-1",0
"TTTGGTTCAAGCTGTT-1",1.40395083198397
"TTTGGTTCAGATCGGA-1",1.87515212172843
"TTTGGTTCATCACAAC-1",2.70339018313403
"TTTGGTTGTACTTCTT-1",0
"TTTGGTTGTATGCTTG-1",1.71821436207196
"TTTGGTTGTGCTTCTC-1",5.15881174451066
"TTTGGTTTCATGCTCC-1",3.80228784557716
"TTTGGTTTCCCTGACT-1",1.53793562934172
"TTTGTCAAGAGTCGGT-1",0
"TTTGTCACAAGTTCTG-1",2.34891345338384
"TTTGTCACAAGTTGTC-1",0
"TTTGTCATCACCTTAT-1",0
"TTTGTCATCCATTCTA-1",0
"TTTGTCATCCTTAATC-1",3.40299452677423
"TTTGTCATCTTATCTG-1",0
